  1.00000e-02	  3.49305e-05
  2.00000e-02	  2.19954e-05
  3.00000e-02	  3.99972e-05
  4.00000e-02	  2.60380e-05
  5.00000e-02	  4.25748e-05
  6.00000e-02	  1.98073e-05
  7.00000e-02	  2.15152e-05
  8.00000e-02	  4.33277e-06
  9.00000e-02	  1.89468e-05
  1.00000e-01	  1.85334e-05
  1.10000e-01	  6.86961e-05
  1.20000e-01	  6.61352e-05
  1.30000e-01	  6.21894e-05
  1.40000e-01	  1.94215e-05
  1.50000e-01	  3.27989e-05
  1.60000e-01	 -2.37401e-05
  1.70000e-01	 -3.92764e-05
  1.80000e-01	 -4.81091e-05
  1.90000e-01	 -4.39130e-05
  2.00000e-01	 -6.64606e-05
  2.10000e-01	 -1.36808e-04
  2.20000e-01	 -2.09811e-04
  2.30000e-01	 -2.03323e-04
  2.40000e-01	 -1.36856e-04
  2.50000e-01	  6.58645e-05
  2.60000e-01	  4.86344e-05
  2.70000e-01	  1.57564e-04
  2.80000e-01	  2.46767e-04
  2.90000e-01	  2.35335e-04
  3.00000e-01	  2.41537e-04
  3.10000e-01	  1.32729e-04
  3.20000e-01	 -9.98472e-06
  3.30000e-01	  3.58876e-05
  3.40000e-01	  2.40071e-04
  3.50000e-01	  3.09165e-04
  3.60000e-01	  3.67151e-04
  3.70000e-01	  6.28957e-04
  3.80000e-01	  4.13580e-04
  3.90000e-01	 -1.42621e-05
  4.00000e-01	 -4.52032e-04
  4.10000e-01	 -7.67973e-04
  4.20000e-01	 -8.70958e-04
  4.30000e-01	 -6.12228e-04
  4.40000e-01	 -1.41549e-04
  4.50000e-01	  6.49949e-04
  4.60000e-01	  1.00085e-03
  4.70000e-01	  1.39872e-03
  4.80000e-01	  1.92865e-03
  4.90000e-01	  1.68922e-03
  5.00000e-01	  1.02632e-03
  5.10000e-01	  4.28254e-04
  5.20000e-01	  1.23454e-04
  5.30000e-01	 -1.05262e-03
  5.40000e-01	 -2.67866e-03
  5.50000e-01	 -4.12891e-03
  5.60000e-01	 -5.26147e-03
  5.70000e-01	 -5.53143e-03
  5.80000e-01	 -5.31741e-03
  5.90000e-01	 -3.93631e-03
  6.00000e-01	 -2.34448e-03
  6.10000e-01	 -1.59613e-03
  6.20000e-01	 -7.07027e-04
  6.30000e-01	 -2.17957e-04
  6.40000e-01	  8.83793e-04
  6.50000e-01	  1.84212e-03
  6.60000e-01	  3.13355e-03
  6.70000e-01	  5.14239e-03
  6.80000e-01	  7.73443e-03
  6.90000e-01	  9.20502e-03
  7.00000e-01	  9.08838e-03
  7.10000e-01	  8.14757e-03
  7.20000e-01	  6.14838e-03
  7.30000e-01	  2.26303e-03
  7.40000e-01	 -2.12599e-03
  7.50000e-01	 -4.07686e-03
  7.60000e-01	 -4.14101e-03
  7.70000e-01	 -4.30523e-03
  7.80000e-01	 -3.94483e-03
  7.90000e-01	 -3.15555e-03
  8.00000e-01	 -3.19591e-03
  8.10000e-01	 -4.80593e-03
  8.20000e-01	 -5.94838e-03
  8.30000e-01	 -6.45839e-03
  8.40000e-01	 -6.80170e-03
  8.50000e-01	 -5.84668e-03
  8.60000e-01	 -4.24510e-03
  8.70000e-01	 -6.21178e-04
  8.80000e-01	  3.01239e-03
  8.90000e-01	  5.84412e-03
  9.00000e-01	  9.23309e-03
  9.10000e-01	  1.11135e-02
  9.20000e-01	  1.16382e-02
  9.30000e-01	  1.19628e-02
  9.40000e-01	  1.02602e-02
  9.50000e-01	  5.77733e-03
  9.60000e-01	 -1.89130e-03
  9.70000e-01	 -1.01442e-02
  9.80000e-01	 -1.14897e-02
  9.90000e-01	 -7.44357e-03
  1.00000e+00	 -3.54926e-03
  1.01000e+00	  7.17776e-04
  1.02000e+00	  4.63415e-04
  1.03000e+00	 -3.80585e-03
  1.04000e+00	 -7.28160e-03
  1.05000e+00	 -9.22238e-03
  1.06000e+00	 -8.71545e-03
  1.07000e+00	 -7.58994e-03
  1.08000e+00	 -5.82476e-03
  1.09000e+00	 -3.83859e-03
  1.10000e+00	 -3.94145e-03
  1.11000e+00	 -5.38776e-03
  1.12000e+00	 -5.52151e-03
  1.13000e+00	 -5.46369e-03
  1.14000e+00	 -4.34110e-03
  1.15000e+00	 -2.91080e-03
  1.16000e+00	  2.76423e-03
  1.17000e+00	  1.06974e-02
  1.18000e+00	  1.80908e-02
  1.19000e+00	  2.65973e-02
  1.20000e+00	  2.86102e-02
  1.21000e+00	  2.68255e-02
  1.22000e+00	  2.65727e-02
  1.23000e+00	  2.56883e-02
  1.24000e+00	  2.13359e-02
  1.25000e+00	  1.66081e-02
  1.26000e+00	  8.32647e-03
  1.27000e+00	 -1.50344e-03
  1.28000e+00	 -1.08815e-02
  1.29000e+00	 -1.71142e-02
  1.30000e+00	 -1.96754e-02
  1.31000e+00	 -2.05219e-02
  1.32000e+00	 -2.05859e-02
  1.33000e+00	 -2.01763e-02
  1.34000e+00	 -2.17444e-02
  1.35000e+00	 -2.12796e-02
  1.36000e+00	 -2.24734e-02
  1.37000e+00	 -2.33942e-02
  1.38000e+00	 -2.15542e-02
  1.39000e+00	 -1.66817e-02
  1.40000e+00	 -3.07942e-03
  1.41000e+00	  1.58546e-02
  1.42000e+00	  2.65608e-02
  1.43000e+00	  2.68925e-02
  1.44000e+00	  2.20197e-02
  1.45000e+00	  1.69201e-02
  1.46000e+00	  1.05803e-02
  1.47000e+00	  6.01064e-03
  1.48000e+00	 -1.91954e-03
  1.49000e+00	 -8.31570e-03
  1.50000e+00	 -1.24268e-02
  1.51000e+00	 -1.26365e-02
  1.52000e+00	 -1.07923e-02
  1.53000e+00	 -8.61842e-03
  1.54000e+00	 -3.89044e-03
  1.55000e+00	  1.09896e-03
  1.56000e+00	  1.36364e-03
  1.57000e+00	  4.30403e-03
  1.58000e+00	  1.10263e-02
  1.59000e+00	  1.57282e-02
  1.60000e+00	  1.88038e-02
  1.61000e+00	  2.01240e-02
  1.62000e+00	  1.64857e-02
  1.63000e+00	  8.15583e-03
  1.64000e+00	  2.14131e-03
  1.65000e+00	 -3.46831e-03
  1.66000e+00	 -9.82009e-03
  1.67000e+00	 -1.25183e-02
  1.68000e+00	 -1.37921e-02
  1.69000e+00	 -1.07343e-02
  1.70000e+00	 -6.67011e-03
  1.71000e+00	 -1.53168e-03
  1.72000e+00	  4.28764e-03
  1.73000e+00	  7.19787e-03
  1.74000e+00	  9.18221e-03
  1.75000e+00	  1.01764e-02
  1.76000e+00	  6.27159e-03
  1.77000e+00	  1.00782e-03
  1.78000e+00	 -3.67917e-03
  1.79000e+00	 -6.69985e-03
  1.80000e+00	 -8.28983e-03
  1.81000e+00	 -8.27403e-03
  1.82000e+00	 -9.49401e-03
  1.83000e+00	 -1.32582e-02
  1.84000e+00	 -1.43038e-02
  1.85000e+00	 -1.34363e-02
  1.86000e+00	 -1.17629e-02
  1.87000e+00	 -8.60455e-03
  1.88000e+00	 -9.84973e-03
  1.89000e+00	 -9.25839e-03
  1.90000e+00	 -6.97654e-03
  1.91000e+00	 -5.12967e-04
  1.92000e+00	  7.95452e-03
  1.93000e+00	  1.71930e-02
  1.94000e+00	  2.25465e-02
  1.95000e+00	  2.38510e-02
  1.96000e+00	  2.17308e-02
  1.97000e+00	  1.71113e-02
  1.98000e+00	  1.40350e-02
  1.99000e+00	  1.14107e-02
  2.00000e+00	  8.28460e-03
  2.01000e+00	  5.35411e-03
  2.02000e+00	  3.34548e-04
  2.03000e+00	 -7.12337e-03
  2.04000e+00	 -1.19159e-02
  2.05000e+00	 -1.23343e-02
  2.06000e+00	 -1.18996e-02
  2.07000e+00	 -3.24288e-03
  2.08000e+00	 -1.54643e-03
  2.09000e+00	 -3.33720e-03
  2.10000e+00	 -2.52604e-03
  2.11000e+00	 -2.31096e-03
  2.12000e+00	 -2.28892e-03
  2.13000e+00	 -2.63190e-03
  2.14000e+00	 -3.80326e-03
  2.15000e+00	 -5.63497e-03
  2.16000e+00	 -7.68322e-03
  2.17000e+00	 -1.10529e-02
  2.18000e+00	 -8.14112e-03
  2.19000e+00	 -2.38704e-03
  2.20000e+00	 -6.22751e-03
  2.21000e+00	 -1.19013e-02
  2.22000e+00	 -1.67955e-02
  2.23000e+00	 -2.08803e-02
  2.24000e+00	 -1.91852e-02
  2.25000e+00	 -1.55284e-02
  2.26000e+00	 -1.08796e-02
  2.27000e+00	 -5.47121e-03
  2.28000e+00	 -1.61418e-03
  2.29000e+00	  7.93716e-04
  2.30000e+00	  1.47756e-03
  2.31000e+00	  1.42943e-03
  2.32000e+00	  1.49138e-03
  2.33000e+00	  2.62471e-03
  2.34000e+00	  4.98982e-03
  2.35000e+00	  8.85260e-03
  2.36000e+00	  1.40938e-02
  2.37000e+00	  2.20250e-02
  2.38000e+00	  2.91016e-02
  2.39000e+00	  3.21022e-02
  2.40000e+00	  3.26522e-02
  2.41000e+00	  2.99323e-02
  2.42000e+00	  2.29816e-02
  2.43000e+00	  1.26950e-02
  2.44000e+00	  5.86367e-03
  2.45000e+00	 -1.27149e-03
  2.46000e+00	 -8.90805e-03
  2.47000e+00	 -1.35272e-02
  2.48000e+00	 -1.64782e-02
  2.49000e+00	 -1.97304e-02
  2.50000e+00	 -1.95885e-02
  2.51000e+00	 -1.90916e-02
  2.52000e+00	 -1.64541e-02
  2.53000e+00	 -1.55017e-02
  2.54000e+00	 -1.89081e-02
  2.55000e+00	 -2.37816e-02
  2.56000e+00	 -2.40053e-02
  2.57000e+00	 -1.76876e-02
  2.58000e+00	 -1.37587e-02
  2.59000e+00	 -4.11658e-03
  2.60000e+00	  4.23278e-03
  2.61000e+00	  5.93089e-03
  2.62000e+00	  7.79366e-03
  2.63000e+00	  4.61180e-03
  2.64000e+00	 -5.63381e-04
  2.65000e+00	 -6.29314e-03
  2.66000e+00	 -1.48064e-02
  2.67000e+00	 -1.96677e-02
  2.68000e+00	 -1.94279e-02
  2.69000e+00	 -1.52974e-02
  2.70000e+00	 -8.88371e-03
  2.71000e+00	 -2.84966e-03
  2.72000e+00	  7.96712e-04
  2.73000e+00	 -1.88149e-03
  2.74000e+00	 -9.23774e-03
  2.75000e+00	 -1.71806e-02
  2.76000e+00	 -2.35052e-02
  2.77000e+00	 -2.56163e-02
  2.78000e+00	 -2.67754e-02
  2.79000e+00	 -2.31205e-02
  2.80000e+00	 -1.94921e-02
  2.81000e+00	 -1.66536e-02
  2.82000e+00	 -1.06583e-02
  2.83000e+00	  6.39255e-04
  2.84000e+00	  1.85316e-02
  2.85000e+00	  3.74792e-02
  2.86000e+00	  6.38113e-02
  2.87000e+00	  8.82429e-02
  2.88000e+00	  9.21523e-02
  2.89000e+00	  9.39303e-02
  2.90000e+00	  9.60508e-02
  2.91000e+00	  9.61246e-02
  2.92000e+00	  9.66404e-02
  2.93000e+00	  9.81114e-02
  2.94000e+00	  9.93520e-02
  2.95000e+00	  1.03542e-01
  2.96000e+00	  1.05404e-01
  2.97000e+00	  1.05910e-01
  2.98000e+00	  1.05402e-01
  2.99000e+00	  1.01568e-01
  3.00000e+00	  9.56148e-02
  3.01000e+00	  8.25463e-02
  3.02000e+00	  3.29956e-02
  3.03000e+00	 -6.46341e-03
  3.04000e+00	 -1.21448e-02
  3.05000e+00	 -1.63685e-02
  3.06000e+00	 -1.39864e-02
  3.07000e+00	 -7.38675e-03
  3.08000e+00	  2.06828e-02
  3.09000e+00	  9.70255e-02
  3.10000e+00	  1.45500e-01
  3.11000e+00	  1.41282e-01
  3.12000e+00	  1.39331e-01
  3.13000e+00	  1.36876e-01
  3.14000e+00	  1.26794e-01
  3.15000e+00	  1.02050e-01
  3.16000e+00	  5.04122e-02
  3.17000e+00	  3.75247e-04
  3.18000e+00	 -4.80325e-02
  3.19000e+00	 -8.22937e-02
  3.20000e+00	 -9.25695e-02
  3.21000e+00	 -1.01012e-01
  3.22000e+00	 -1.12729e-01
  3.23000e+00	 -1.31711e-01
  3.24000e+00	 -1.67310e-01
  3.25000e+00	 -2.05254e-01
  3.26000e+00	 -2.18655e-01
  3.27000e+00	 -2.14197e-01
  3.28000e+00	 -2.14217e-01
  3.29000e+00	 -2.11160e-01
  3.30000e+00	 -2.03417e-01
  3.31000e+00	 -1.93232e-01
  3.32000e+00	 -1.72726e-01
  3.33000e+00	 -1.10555e-01
  3.34000e+00	  9.07092e-03
  3.35000e+00	  1.33727e-01
  3.36000e+00	  1.85758e-01
  3.37000e+00	  2.22741e-01
  3.38000e+00	  2.58455e-01
  3.39000e+00	  2.18103e-01
  3.40000e+00	  1.09104e-01
  3.41000e+00	  1.49233e-02
  3.42000e+00	 -7.19807e-02
  3.43000e+00	 -1.35523e-01
  3.44000e+00	 -1.54264e-01
  3.45000e+00	 -1.57493e-01
  3.46000e+00	 -1.49642e-01
  3.47000e+00	 -1.33535e-01
  3.48000e+00	 -1.30103e-01
  3.49000e+00	 -1.26543e-01
  3.50000e+00	 -1.03335e-01
  3.51000e+00	 -1.38868e-02
  3.52000e+00	  7.87505e-02
  3.53000e+00	  1.43463e-01
  3.54000e+00	  1.74745e-01
  3.55000e+00	  1.53357e-01
  3.56000e+00	  1.04769e-01
  3.57000e+00	  1.02117e-02
  3.58000e+00	 -9.92928e-02
  3.59000e+00	 -2.00511e-01
  3.60000e+00	 -2.16364e-01
  3.61000e+00	 -1.79239e-01
  3.62000e+00	 -2.01299e-01
  3.63000e+00	 -2.22695e-01
  3.64000e+00	 -2.01291e-01
  3.65000e+00	 -1.85035e-01
  3.66000e+00	 -1.86532e-01
  3.67000e+00	 -1.96914e-01
  3.68000e+00	 -2.12761e-01
  3.69000e+00	 -2.20939e-01
  3.70000e+00	 -2.21731e-01
  3.71000e+00	 -2.15413e-01
  3.72000e+00	 -2.03791e-01
  3.73000e+00	 -1.80843e-01
  3.74000e+00	 -1.13513e-01
  3.75000e+00	 -4.76803e-02
  3.76000e+00	  1.37246e-02
  3.77000e+00	  7.53660e-02
  3.78000e+00	  1.37786e-01
  3.79000e+00	  1.61890e-01
  3.80000e+00	  1.55659e-01
  3.81000e+00	  1.52744e-01
  3.82000e+00	  1.39467e-01
  3.83000e+00	  1.17317e-01
  3.84000e+00	  9.41370e-02
  3.85000e+00	  8.06676e-02
  3.86000e+00	  7.81596e-02
  3.87000e+00	  8.09923e-02
  3.88000e+00	  9.38487e-02
  3.89000e+00	  1.12780e-01
  3.90000e+00	  1.30339e-01
  3.91000e+00	  1.43455e-01
  3.92000e+00	  1.54531e-01
  3.93000e+00	  1.58507e-01
  3.94000e+00	  1.56535e-01
  3.95000e+00	  1.51732e-01
  3.96000e+00	  1.44508e-01
  3.97000e+00	  1.35594e-01
  3.98000e+00	  1.25990e-01
  3.99000e+00	  1.20319e-01
  4.00000e+00	  9.84583e-02
  4.01000e+00	  4.36695e-02
  4.02000e+00	 -1.08395e-02
  4.03000e+00	 -6.73023e-02
  4.04000e+00	 -7.71386e-02
  4.05000e+00	 -5.22774e-02
  4.06000e+00	 -4.81095e-02
  4.07000e+00	 -4.90880e-02
  4.08000e+00	 -3.33730e-02
  4.09000e+00	 -1.19164e-02
  4.10000e+00	  1.39653e-02
  4.11000e+00	  5.94800e-02
  4.12000e+00	  8.04467e-02
  4.13000e+00	  4.80577e-02
  4.14000e+00	  1.30240e-03
  4.15000e+00	 -3.92197e-02
  4.16000e+00	 -7.88186e-02
  4.17000e+00	 -1.05884e-01
  4.18000e+00	 -1.15800e-01
  4.19000e+00	 -1.20458e-01
  4.20000e+00	 -1.22861e-01
  4.21000e+00	 -1.21428e-01
  4.22000e+00	 -1.18028e-01
  4.23000e+00	 -1.12243e-01
  4.24000e+00	 -1.01804e-01
  4.25000e+00	 -7.81513e-02
  4.26000e+00	 -5.89545e-02
  4.27000e+00	 -4.35370e-02
  4.28000e+00	 -2.76993e-02
  4.29000e+00	 -1.72806e-02
  4.30000e+00	 -1.14986e-02
  4.31000e+00	 -7.24699e-03
  4.32000e+00	 -1.34689e-03
  4.33000e+00	  6.24673e-03
  4.34000e+00	  1.84085e-02
  4.35000e+00	  3.51905e-02
  4.36000e+00	  6.56476e-02
  4.37000e+00	  1.01576e-01
  4.38000e+00	  1.30896e-01
  4.39000e+00	  1.50098e-01
  4.40000e+00	  1.65151e-01
  4.41000e+00	  1.80542e-01
  4.42000e+00	  1.89712e-01
  4.43000e+00	  1.94375e-01
  4.44000e+00	  1.94282e-01
  4.45000e+00	  1.91130e-01
  4.46000e+00	  1.83620e-01
  4.47000e+00	  1.72762e-01
  4.48000e+00	  1.60829e-01
  4.49000e+00	  1.36873e-01
  4.50000e+00	  8.49684e-02
  4.51000e+00	  3.42904e-02
  4.52000e+00	  1.65625e-02
  4.53000e+00	  5.53931e-03
  4.54000e+00	 -3.60935e-02
  4.55000e+00	 -6.38073e-02
  4.56000e+00	 -1.04387e-01
  4.57000e+00	 -1.71929e-01
  4.58000e+00	 -2.12095e-01
  4.59000e+00	 -2.12058e-01
  4.60000e+00	 -2.03810e-01
  4.61000e+00	 -1.96020e-01
  4.62000e+00	 -1.60841e-01
  4.63000e+00	 -9.35202e-02
  4.64000e+00	 -3.19897e-02
  4.65000e+00	  2.21815e-02
  4.66000e+00	  8.05587e-02
  4.67000e+00	  1.19120e-01
  4.68000e+00	  1.38384e-01
  4.69000e+00	  1.52477e-01
  4.70000e+00	  1.55651e-01
  4.71000e+00	  1.68829e-01
  4.72000e+00	  2.14928e-01
  4.73000e+00	  2.29304e-01
  4.74000e+00	  2.07042e-01
  4.75000e+00	  1.72993e-01
  4.76000e+00	  1.33479e-01
  4.77000e+00	  1.11589e-01
  4.78000e+00	  1.12719e-01
  4.79000e+00	  1.14160e-01
  4.80000e+00	  1.02824e-01
  4.81000e+00	  9.07550e-02
  4.82000e+00	  8.53907e-02
  4.83000e+00	  7.70022e-02
  4.84000e+00	  7.01768e-02
  4.85000e+00	  6.76618e-02
  4.86000e+00	  6.50519e-02
  4.87000e+00	  6.34464e-02
  4.88000e+00	  6.33056e-02
  4.89000e+00	  6.36319e-02
  4.90000e+00	  6.33508e-02
  4.91000e+00	  6.32335e-02
  4.92000e+00	  6.01187e-02
  4.93000e+00	  5.84293e-02
  4.94000e+00	  2.97566e-02
  4.95000e+00	 -2.18193e-02
  4.96000e+00	 -3.74657e-02
  4.97000e+00	 -3.70045e-02
  4.98000e+00	 -5.55977e-02
  4.99000e+00	 -7.75574e-02
  5.00000e+00	 -8.90587e-02
  5.01000e+00	 -1.10841e-01
  5.02000e+00	 -1.37573e-01
  5.03000e+00	 -1.50955e-01
  5.04000e+00	 -1.61757e-01
  5.05000e+00	 -1.42650e-01
  5.06000e+00	 -1.39202e-01
  5.07000e+00	 -1.60910e-01
  5.08000e+00	 -1.74883e-01
  5.09000e+00	 -1.96148e-01
  5.10000e+00	 -2.21984e-01
  5.11000e+00	 -2.39527e-01
  5.12000e+00	 -2.40875e-01
  5.13000e+00	 -2.34518e-01
  5.14000e+00	 -2.28496e-01
  5.15000e+00	 -2.17482e-01
  5.16000e+00	 -1.97159e-01
  5.17000e+00	 -1.60651e-01
  5.18000e+00	 -1.31861e-01
  5.19000e+00	 -1.16077e-01
  5.20000e+00	 -1.07901e-01
  5.21000e+00	 -1.08816e-01
  5.22000e+00	 -1.10142e-01
  5.23000e+00	 -1.07044e-01
  5.24000e+00	 -9.55643e-02
  5.25000e+00	 -8.99166e-02
  5.26000e+00	 -8.40328e-02
  5.27000e+00	 -7.56649e-02
  5.28000e+00	 -6.59871e-02
  5.29000e+00	 -5.64408e-02
  5.30000e+00	 -4.84507e-02
  5.31000e+00	 -3.58494e-02
  5.32000e+00	 -2.17778e-02
  5.33000e+00	 -9.67865e-03
  5.34000e+00	  2.58781e-03
  5.35000e+00	  1.69351e-02
  5.36000e+00	  4.01094e-02
  5.37000e+00	  7.17129e-02
  5.38000e+00	  9.25975e-02
  5.39000e+00	  9.71740e-02
  5.40000e+00	  9.54374e-02
  5.41000e+00	  9.01064e-02
  5.42000e+00	  9.19375e-02
  5.43000e+00	  1.04468e-01
  5.44000e+00	  1.14406e-01
  5.45000e+00	  1.19888e-01
  5.46000e+00	  1.23538e-01
  5.47000e+00	  1.25770e-01
  5.48000e+00	  1.30629e-01
  5.49000e+00	  1.37181e-01
  5.50000e+00	  1.49914e-01
  5.51000e+00	  1.62497e-01
  5.52000e+00	  1.69289e-01
  5.53000e+00	  1.72909e-01
  5.54000e+00	  1.74541e-01
  5.55000e+00	  1.72261e-01
  5.56000e+00	  1.67685e-01
  5.57000e+00	  1.60937e-01
  5.58000e+00	  1.51463e-01
  5.59000e+00	  1.38998e-01
  5.60000e+00	  1.07397e-01
  5.61000e+00	  5.36196e-02
  5.62000e+00	  8.14529e-03
  5.63000e+00	 -4.02595e-02
  5.64000e+00	 -6.68103e-02
  5.65000e+00	 -5.20617e-02
  5.66000e+00	 -5.01448e-02
  5.67000e+00	 -6.34360e-02
  5.68000e+00	 -6.34442e-02
  5.69000e+00	 -5.32560e-02
  5.70000e+00	 -3.93097e-02
  5.71000e+00	 -2.58431e-02
  5.72000e+00	 -1.52357e-03
  5.73000e+00	  1.18199e-02
  5.74000e+00	  1.08450e-02
  5.75000e+00	  3.87337e-03
  5.76000e+00	 -1.25298e-02
  5.77000e+00	 -3.85606e-02
  5.78000e+00	 -5.33632e-02
  5.79000e+00	 -5.67070e-02
  5.80000e+00	 -6.05093e-02
  5.81000e+00	 -7.37561e-02
  5.82000e+00	 -8.21377e-02
  5.83000e+00	 -9.86914e-02
  5.84000e+00	 -1.13535e-01
  5.85000e+00	 -1.11347e-01
  5.86000e+00	 -9.99531e-02
  5.87000e+00	 -7.98041e-02
  5.88000e+00	 -6.14209e-02
  5.89000e+00	 -2.13001e-02
  5.90000e+00	  3.07727e-02
  5.91000e+00	  4.73384e-02
  5.92000e+00	  5.22090e-02
  5.93000e+00	  5.35563e-02
  5.94000e+00	  4.68684e-02
  5.95000e+00	  2.16915e-02
  5.96000e+00	  3.98277e-04
  5.97000e+00	 -2.76031e-02
  5.98000e+00	 -6.19633e-02
  5.99000e+00	 -7.87598e-02
  6.00000e+00	 -8.95468e-02
  6.01000e+00	 -1.08868e-01
  6.02000e+00	 -1.17377e-01
  6.03000e+00	 -1.13747e-01
  6.04000e+00	 -1.02064e-01
  6.05000e+00	 -1.00810e-01
  6.06000e+00	 -1.05391e-01
  6.07000e+00	 -1.02150e-01
  6.08000e+00	 -6.94499e-02
  6.09000e+00	 -3.38907e-02
  6.10000e+00	 -2.37223e-02
  6.11000e+00	 -1.85113e-02
  6.12000e+00	 -8.97651e-03
  6.13000e+00	 -7.40891e-03
  6.14000e+00	 -1.06232e-02
  6.15000e+00	 -2.29269e-02
  6.16000e+00	 -3.60046e-02
  6.17000e+00	 -7.69372e-02
  6.18000e+00	 -1.01062e-01
  6.19000e+00	 -1.06776e-01
  6.20000e+00	 -1.19066e-01
  6.21000e+00	 -1.23586e-01
  6.22000e+00	 -1.21970e-01
  6.23000e+00	 -1.17108e-01
  6.24000e+00	 -1.12945e-01
  6.25000e+00	 -9.71647e-02
  6.26000e+00	 -8.03911e-02
  6.27000e+00	 -6.46564e-02
  6.28000e+00	 -5.50551e-02
  6.29000e+00	 -2.50481e-02
  6.30000e+00	  1.73539e-03
  6.31000e+00	  2.04991e-02
  6.32000e+00	  4.52054e-02
  6.33000e+00	  7.65376e-02
  6.34000e+00	  1.07605e-01
  6.35000e+00	  1.40256e-01
  6.36000e+00	  1.73802e-01
  6.37000e+00	  2.22554e-01
  6.38000e+00	  2.73788e-01
  6.39000e+00	  3.23881e-01
  6.40000e+00	  3.49430e-01
  6.41000e+00	  3.42859e-01
  6.42000e+00	  3.52257e-01
  6.43000e+00	  3.49672e-01
  6.44000e+00	  3.35966e-01
  6.45000e+00	  3.39164e-01
  6.46000e+00	  3.19763e-01
  6.47000e+00	  2.76643e-01
  6.48000e+00	  2.35892e-01
  6.49000e+00	  2.09955e-01
  6.50000e+00	  1.67105e-01
  6.51000e+00	  1.15850e-01
  6.52000e+00	  8.95493e-02
  6.53000e+00	  7.45090e-02
  6.54000e+00	  2.19314e-02
  6.55000e+00	  3.06410e-04
  6.56000e+00	 -2.56711e-03
  6.57000e+00	 -1.01304e-02
  6.58000e+00	 -5.46660e-03
  6.59000e+00	  1.17627e-03
  6.60000e+00	  7.67028e-03
  6.61000e+00	  8.53878e-03
  6.62000e+00	  6.90997e-03
  6.63000e+00	 -1.63385e-03
  6.64000e+00	 -1.47238e-02
  6.65000e+00	 -4.73412e-02
  6.66000e+00	 -8.64616e-02
  6.67000e+00	 -1.29473e-01
  6.68000e+00	 -1.75730e-01
  6.69000e+00	 -1.96960e-01
  6.70000e+00	 -2.15469e-01
  6.71000e+00	 -2.50061e-01
  6.72000e+00	 -2.61711e-01
  6.73000e+00	 -2.51267e-01
  6.74000e+00	 -2.40747e-01
  6.75000e+00	 -2.31538e-01
  6.76000e+00	 -2.23384e-01
  6.77000e+00	 -2.17667e-01
  6.78000e+00	 -2.12366e-01
  6.79000e+00	 -2.11767e-01
  6.80000e+00	 -2.13479e-01
  6.81000e+00	 -2.14935e-01
  6.82000e+00	 -2.12381e-01
  6.83000e+00	 -2.07730e-01
  6.84000e+00	 -1.96456e-01
  6.85000e+00	 -1.84287e-01
  6.86000e+00	 -1.71834e-01
  6.87000e+00	 -1.60574e-01
  6.88000e+00	 -1.28086e-01
  6.89000e+00	 -6.34398e-02
  6.90000e+00	 -2.28031e-02
  6.91000e+00	 -4.70983e-03
  6.92000e+00	  1.71559e-02
  6.93000e+00	  3.71167e-02
  6.94000e+00	  5.42148e-02
  6.95000e+00	  7.38838e-02
  6.96000e+00	  1.00839e-01
  6.97000e+00	  1.25481e-01
  6.98000e+00	  1.40866e-01
  6.99000e+00	  1.45693e-01
  7.00000e+00	  1.43382e-01
  7.01000e+00	  1.41426e-01
  7.02000e+00	  1.05264e-01
  7.03000e+00	  4.15044e-02
  7.04000e+00	 -4.78657e-04
  7.05000e+00	  6.25916e-03
  7.06000e+00	  1.46641e-02
  7.07000e+00	  4.62062e-02
  7.08000e+00	  1.05586e-01
  7.09000e+00	  1.26034e-01
  7.10000e+00	  1.28204e-01
  7.11000e+00	  1.35450e-01
  7.12000e+00	  1.45365e-01
  7.13000e+00	  1.43839e-01
  7.14000e+00	  1.40003e-01
  7.15000e+00	  1.35944e-01
  7.16000e+00	  1.30960e-01
  7.17000e+00	  1.20581e-01
  7.18000e+00	  1.14079e-01
  7.19000e+00	  1.13669e-01
  7.20000e+00	  1.20765e-01
  7.21000e+00	  1.28481e-01
  7.22000e+00	  1.39542e-01
  7.23000e+00	  1.43972e-01
  7.24000e+00	  1.40881e-01
  7.25000e+00	  1.36343e-01
  7.26000e+00	  1.01289e-01
  7.27000e+00	  4.31001e-02
  7.28000e+00	 -5.64978e-03
  7.29000e+00	 -5.63788e-02
  7.30000e+00	 -1.05608e-01
  7.31000e+00	 -1.48301e-01
  7.32000e+00	 -1.62771e-01
  7.33000e+00	 -1.80040e-01
  7.34000e+00	 -1.89744e-01
  7.35000e+00	 -2.07981e-01
  7.36000e+00	 -2.22191e-01
  7.37000e+00	 -2.33243e-01
  7.38000e+00	 -2.31121e-01
  7.39000e+00	 -2.21031e-01
  7.40000e+00	 -1.32480e-01
  7.41000e+00	  1.58263e-03
  7.42000e+00	  1.22901e-01
  7.43000e+00	  1.41626e-01
  7.44000e+00	  1.27782e-01
  7.45000e+00	  1.41592e-01
  7.46000e+00	  1.45886e-01
  7.47000e+00	  1.44304e-01
  7.48000e+00	  1.45556e-01
  7.49000e+00	  1.46175e-01
  7.50000e+00	  1.41787e-01
  7.51000e+00	  1.32368e-01
  7.52000e+00	  1.25670e-01
  7.53000e+00	  8.89568e-02
  7.54000e+00	  6.59174e-02
  7.55000e+00	  6.11665e-02
  7.56000e+00	  5.06622e-02
  7.57000e+00	  3.97382e-02
  7.58000e+00	  1.01353e-02
  7.59000e+00	 -1.76786e-02
  7.60000e+00	 -2.13788e-02
  7.61000e+00	 -1.97170e-02
  7.62000e+00	 -1.48791e-02
  7.63000e+00	 -6.14847e-03
  7.64000e+00	  5.00655e-03
  7.65000e+00	  9.29113e-03
  7.66000e+00	  7.54752e-03
  7.67000e+00	  1.44357e-03
  7.68000e+00	 -1.02489e-02
  7.69000e+00	 -2.68058e-02
  7.70000e+00	 -4.61154e-02
  7.71000e+00	 -6.54428e-02
  7.72000e+00	 -8.35244e-02
  7.73000e+00	 -1.00654e-01
  7.74000e+00	 -1.08051e-01
  7.75000e+00	 -1.23230e-01
  7.76000e+00	 -1.47140e-01
  7.77000e+00	 -1.47839e-01
  7.78000e+00	 -1.43274e-01
  7.79000e+00	 -1.42174e-01
  7.80000e+00	 -1.38062e-01
  7.81000e+00	 -1.37037e-01
  7.82000e+00	 -1.35255e-01
  7.83000e+00	 -1.32643e-01
  7.84000e+00	 -1.28234e-01
  7.85000e+00	 -1.31432e-01
  7.86000e+00	 -1.36158e-01
  7.87000e+00	 -1.44351e-01
  7.88000e+00	 -1.41896e-01
  7.89000e+00	 -1.44107e-01
  7.90000e+00	 -1.43033e-01
  7.91000e+00	 -1.37662e-01
  7.92000e+00	 -1.27817e-01
  7.93000e+00	 -1.22360e-01
  7.94000e+00	 -9.46360e-02
  7.95000e+00	 -5.85514e-02
  7.96000e+00	  6.04960e-02
  7.97000e+00	  1.37352e-01
  7.98000e+00	  1.61928e-01
  7.99000e+00	  2.04476e-01
  8.00000e+00	  2.63082e-01
  8.01000e+00	  3.20527e-01
  8.02000e+00	  3.37312e-01
  8.03000e+00	  3.39325e-01
  8.04000e+00	  3.79666e-01
  8.05000e+00	  4.10890e-01
  8.06000e+00	  4.15783e-01
  8.07000e+00	  4.09091e-01
  8.08000e+00	  3.59355e-01
  8.09000e+00	  2.91918e-01
  8.10000e+00	  2.81604e-01
  8.11000e+00	  2.79020e-01
  8.12000e+00	  2.59773e-01
  8.13000e+00	  2.48439e-01
  8.14000e+00	  2.36598e-01
  8.15000e+00	  2.26231e-01
  8.16000e+00	  2.14842e-01
  8.17000e+00	  2.18266e-01
  8.18000e+00	  1.96089e-01
  8.19000e+00	  1.51405e-01
  8.20000e+00	  1.08312e-01
  8.21000e+00	  7.87306e-02
  8.22000e+00	  4.90604e-02
  8.23000e+00	  7.98073e-03
  8.24000e+00	 -3.42099e-02
  8.25000e+00	 -6.53976e-02
  8.26000e+00	 -8.79962e-02
  8.27000e+00	 -1.10460e-01
  8.28000e+00	 -1.34554e-01
  8.29000e+00	 -1.46950e-01
  8.30000e+00	 -1.74757e-01
  8.31000e+00	 -2.08440e-01
  8.32000e+00	 -2.19371e-01
  8.33000e+00	 -2.18027e-01
  8.34000e+00	 -2.16724e-01
  8.35000e+00	 -2.07995e-01
  8.36000e+00	 -1.96454e-01
  8.37000e+00	 -1.88183e-01
  8.38000e+00	 -1.84371e-01
  8.39000e+00	 -1.79505e-01
  8.40000e+00	 -1.77053e-01
  8.41000e+00	 -1.76321e-01
  8.42000e+00	 -1.78032e-01
  8.43000e+00	 -1.78588e-01
  8.44000e+00	 -1.79460e-01
  8.45000e+00	 -1.79100e-01
  8.46000e+00	 -1.81820e-01
  8.47000e+00	 -1.84064e-01
  8.48000e+00	 -1.88596e-01
  8.49000e+00	 -1.96794e-01
  8.50000e+00	 -2.21894e-01
  8.51000e+00	 -2.50456e-01
  8.52000e+00	 -2.73974e-01
  8.53000e+00	 -2.83704e-01
  8.54000e+00	 -2.85147e-01
  8.55000e+00	 -2.88965e-01
  8.56000e+00	 -2.92060e-01
  8.57000e+00	 -2.89733e-01
  8.58000e+00	 -2.83103e-01
  8.59000e+00	 -2.78431e-01
  8.60000e+00	 -2.75233e-01
  8.61000e+00	 -2.73724e-01
  8.62000e+00	 -2.74403e-01
  8.63000e+00	 -2.78874e-01
  8.64000e+00	 -2.80505e-01
  8.65000e+00	 -2.72587e-01
  8.66000e+00	 -2.64234e-01
  8.67000e+00	 -2.54209e-01
  8.68000e+00	 -2.36207e-01
  8.69000e+00	 -2.08139e-01
  8.70000e+00	 -1.82871e-01
  8.71000e+00	 -1.58756e-01
  8.72000e+00	 -1.39956e-01
  8.73000e+00	 -1.24332e-01
  8.74000e+00	 -1.08342e-01
  8.75000e+00	 -8.98591e-02
  8.76000e+00	 -6.80506e-02
  8.77000e+00	 -5.02825e-02
  8.78000e+00	 -3.11200e-02
  8.79000e+00	 -1.18956e-02
  8.80000e+00	  2.83639e-03
  8.81000e+00	  1.29657e-02
  8.82000e+00	  1.78570e-02
  8.83000e+00	  2.81055e-02
  8.84000e+00	  4.31041e-02
  8.85000e+00	  5.73433e-02
  8.86000e+00	  7.15708e-02
  8.87000e+00	  9.03310e-02
  8.88000e+00	  1.00982e-01
  8.89000e+00	  1.12248e-01
  8.90000e+00	  1.26306e-01
  8.91000e+00	  1.39903e-01
  8.92000e+00	  1.51244e-01
  8.93000e+00	  1.59683e-01
  8.94000e+00	  1.65681e-01
  8.95000e+00	  1.70718e-01
  8.96000e+00	  1.74929e-01
  8.97000e+00	  1.77971e-01
  8.98000e+00	  1.78098e-01
  8.99000e+00	  1.73742e-01
  9.00000e+00	  1.66353e-01
  9.01000e+00	  1.57281e-01
  9.02000e+00	  1.43727e-01
  9.03000e+00	  1.32263e-01
  9.04000e+00	  1.22662e-01
  9.05000e+00	  1.16241e-01
  9.06000e+00	  1.09988e-01
  9.07000e+00	  1.10558e-01
  9.08000e+00	  1.14739e-01
  9.09000e+00	  1.23533e-01
  9.10000e+00	  1.33612e-01
  9.11000e+00	  1.46340e-01
  9.12000e+00	  1.58649e-01
  9.13000e+00	  1.71592e-01
  9.14000e+00	  1.88495e-01
  9.15000e+00	  2.38148e-01
  9.16000e+00	  2.53949e-01
  9.17000e+00	  2.53769e-01
  9.18000e+00	  2.57727e-01
  9.19000e+00	  2.57141e-01
  9.20000e+00	  2.60278e-01
  9.21000e+00	  3.07197e-01
  9.22000e+00	  3.58906e-01
  9.23000e+00	  3.17641e-01
  9.24000e+00	  2.00445e-01
  9.25000e+00	  1.68033e-01
  9.26000e+00	  2.60774e-01
  9.27000e+00	  2.70265e-01
  9.28000e+00	  2.00818e-01
  9.29000e+00	  1.80978e-01
  9.30000e+00	  1.71096e-01
  9.31000e+00	  1.60580e-01
  9.32000e+00	  1.56516e-01
  9.33000e+00	  1.56500e-01
  9.34000e+00	  1.56695e-01
  9.35000e+00	  1.67407e-01
  9.36000e+00	  1.49580e-01
  9.37000e+00	  1.21216e-01
  9.38000e+00	  1.13843e-01
  9.39000e+00	  1.05990e-01
  9.40000e+00	  9.75325e-02
  9.41000e+00	  9.14608e-02
  9.42000e+00	  8.41625e-02
  9.43000e+00	  7.32792e-02
  9.44000e+00	  5.87532e-02
  9.45000e+00	  4.27833e-02
  9.46000e+00	  1.49312e-02
  9.47000e+00	 -1.13340e-02
  9.48000e+00	 -3.50787e-02
  9.49000e+00	 -5.69430e-02
  9.50000e+00	 -7.25515e-02
  9.51000e+00	 -8.49754e-02
  9.52000e+00	 -1.11038e-01
  9.53000e+00	 -1.37248e-01
  9.54000e+00	 -1.70967e-01
  9.55000e+00	 -2.04813e-01
  9.56000e+00	 -2.19268e-01
  9.57000e+00	 -2.26404e-01
  9.58000e+00	 -2.31686e-01
  9.59000e+00	 -2.36109e-01
  9.60000e+00	 -2.39087e-01
  9.61000e+00	 -2.41480e-01
  9.62000e+00	 -2.38442e-01
  9.63000e+00	 -2.34102e-01
  9.64000e+00	 -2.32627e-01
  9.65000e+00	 -2.28207e-01
  9.66000e+00	 -2.21801e-01
  9.67000e+00	 -2.16576e-01
  9.68000e+00	 -2.11070e-01
  9.69000e+00	 -2.05420e-01
  9.70000e+00	 -1.96870e-01
  9.71000e+00	 -1.89570e-01
  9.72000e+00	 -1.78695e-01
  9.73000e+00	 -1.63103e-01
  9.74000e+00	 -1.49928e-01
  9.75000e+00	 -1.32829e-01
  9.76000e+00	 -1.14242e-01
  9.77000e+00	 -9.99142e-02
  9.78000e+00	 -8.34240e-02
  9.79000e+00	 -6.68858e-02
  9.80000e+00	 -6.42562e-02
  9.81000e+00	 -7.00631e-02
  9.82000e+00	 -7.15046e-02
  9.83000e+00	 -6.13124e-02
  9.84000e+00	 -4.83857e-02
  9.85000e+00	 -3.80972e-02
  9.86000e+00	 -2.66083e-02
  9.87000e+00	 -1.60652e-02
  9.88000e+00	 -4.48591e-03
  9.89000e+00	  1.45850e-02
  9.90000e+00	  3.02825e-02
  9.91000e+00	  4.49358e-02
  9.92000e+00	  6.02619e-02
  9.93000e+00	  7.36425e-02
  9.94000e+00	  8.61990e-02
  9.95000e+00	  9.79596e-02
  9.96000e+00	  1.11557e-01
  9.97000e+00	  1.33513e-01
  9.98000e+00	  1.45349e-01
  9.99000e+00	  1.43977e-01
  1.00000e+01	  1.46386e-01
  1.00100e+01	  1.52350e-01
  1.00200e+01	  2.05277e-01
  1.00300e+01	  2.07734e-01
  1.00400e+01	  1.90084e-01
  1.00500e+01	  2.09774e-01
  1.00600e+01	  2.04220e-01
  1.00700e+01	  1.86044e-01
  1.00800e+01	  1.82262e-01
  1.00900e+01	  1.84845e-01
  1.01000e+01	  1.76474e-01
  1.01100e+01	  1.65460e-01
  1.01200e+01	  1.49559e-01
  1.01300e+01	  1.29034e-01
  1.01400e+01	  9.98167e-02
  1.01500e+01	  7.62827e-02
  1.01600e+01	  6.10873e-02
  1.01700e+01	  5.04136e-02
  1.01800e+01	  4.15588e-02
  1.01900e+01	  3.39601e-02
  1.02000e+01	  2.42681e-02
  1.02100e+01	  1.02669e-02
  1.02200e+01	 -9.47542e-03
  1.02300e+01	 -4.40077e-02
  1.02400e+01	 -8.57330e-02
  1.02500e+01	 -1.00630e-01
  1.02600e+01	 -1.19804e-01
  1.02700e+01	 -1.31046e-01
  1.02800e+01	 -1.31135e-01
  1.02900e+01	 -1.28240e-01
  1.03000e+01	 -1.24996e-01
  1.03100e+01	 -1.19413e-01
  1.03200e+01	 -1.14150e-01
  1.03300e+01	 -1.06813e-01
  1.03400e+01	 -1.00474e-01
  1.03500e+01	 -9.76070e-02
  1.03600e+01	 -9.57914e-02
  1.03700e+01	 -9.45576e-02
  1.03800e+01	 -9.43372e-02
  1.03900e+01	 -9.55134e-02
  1.04000e+01	 -9.42753e-02
  1.04100e+01	 -9.45782e-02
  1.04200e+01	 -9.35509e-02
  1.04300e+01	 -9.02752e-02
  1.04400e+01	 -8.83368e-02
  1.04500e+01	 -8.85536e-02
  1.04600e+01	 -9.09135e-02
  1.04700e+01	 -8.32285e-02
  1.04800e+01	 -7.02766e-02
  1.04900e+01	 -4.68488e-02
  1.05000e+01	 -2.90692e-02
  1.05100e+01	 -2.01826e-02
  1.05200e+01	  4.64424e-03
  1.05300e+01	  3.34581e-02
  1.05400e+01	  4.74648e-02
  1.05500e+01	  6.27459e-02
  1.05600e+01	  8.33361e-02
  1.05700e+01	  1.01988e-01
  1.05800e+01	  1.17616e-01
  1.05900e+01	  1.37245e-01
  1.06000e+01	  1.60188e-01
  1.06100e+01	  2.02424e-01
  1.06200e+01	  2.29099e-01
  1.06300e+01	  2.35082e-01
  1.06400e+01	  2.38505e-01
  1.06500e+01	  2.34640e-01
  1.06600e+01	  2.23161e-01
  1.06700e+01	  1.94042e-01
  1.06800e+01	  1.20290e-01
  1.06900e+01	  8.62945e-02
  1.07000e+01	  4.49623e-02
  1.07100e+01	 -6.55734e-03
  1.07200e+01	 -1.92999e-02
  1.07300e+01	 -1.19032e-02
  1.07400e+01	 -4.50277e-03
  1.07500e+01	 -8.99397e-03
  1.07600e+01	 -2.84275e-02
  1.07700e+01	 -3.85113e-02
  1.07800e+01	 -4.35962e-02
  1.07900e+01	 -5.07504e-02
  1.08000e+01	 -5.45188e-02
  1.08100e+01	 -5.61905e-02
  1.08200e+01	 -5.77278e-02
  1.08300e+01	 -6.48495e-02
  1.08400e+01	 -7.58116e-02
  1.08500e+01	 -9.47262e-02
  1.08600e+01	 -1.13642e-01
  1.08700e+01	 -1.30476e-01
  1.08800e+01	 -1.37452e-01
  1.08900e+01	 -1.35197e-01
  1.09000e+01	 -1.30205e-01
  1.09100e+01	 -1.23634e-01
  1.09200e+01	 -1.15255e-01
  1.09300e+01	 -1.07214e-01
  1.09400e+01	 -9.78630e-02
  1.09500e+01	 -8.69990e-02
  1.09600e+01	 -7.44690e-02
  1.09700e+01	 -6.61918e-02
  1.09800e+01	 -6.26143e-02
  1.09900e+01	 -5.98165e-02
  1.10000e+01	 -5.62960e-02
  1.10100e+01	 -5.16612e-02
  1.10200e+01	 -4.41602e-02
  1.10300e+01	 -3.30472e-02
  1.10400e+01	 -1.99696e-02
  1.10500e+01	 -1.01029e-03
  1.10600e+01	  2.97270e-02
  1.10700e+01	  4.65878e-02
  1.10800e+01	  5.02336e-02
  1.10900e+01	  5.27895e-02
  1.11000e+01	  5.59849e-02
  1.11100e+01	  5.55975e-02
  1.11200e+01	  5.78749e-02
  1.11300e+01	  5.97808e-02
  1.11400e+01	  6.07371e-02
  1.11500e+01	  6.13757e-02
  1.11600e+01	  6.17756e-02
  1.11700e+01	  5.74093e-02
  1.11800e+01	  5.34506e-02
  1.11900e+01	  4.92915e-02
  1.12000e+01	  4.68430e-02
  1.12100e+01	  4.74074e-02
  1.12200e+01	  5.07393e-02
  1.12300e+01	  5.69016e-02
  1.12400e+01	  6.65233e-02
  1.12500e+01	  7.69204e-02
  1.12600e+01	  8.43106e-02
  1.12700e+01	  8.84146e-02
  1.12800e+01	  8.98982e-02
  1.12900e+01	  8.55228e-02
  1.13000e+01	  7.79868e-02
  1.13100e+01	  7.19757e-02
  1.13200e+01	  6.36519e-02
  1.13300e+01	  5.77045e-02
  1.13400e+01	  5.61885e-02
  1.13500e+01	  5.54254e-02
  1.13600e+01	  5.65683e-02
  1.13700e+01	  5.95716e-02
  1.13800e+01	  6.13379e-02
  1.13900e+01	  5.77993e-02
  1.14000e+01	  5.13711e-02
  1.14100e+01	  3.74897e-02
  1.14200e+01	  1.24272e-02
  1.14300e+01	 -2.27748e-02
  1.14400e+01	 -4.46810e-02
  1.14500e+01	 -5.56168e-02
  1.14600e+01	 -6.52738e-02
  1.14700e+01	 -7.32147e-02
  1.14800e+01	 -7.81305e-02
  1.14900e+01	 -8.55272e-02
  1.15000e+01	 -9.08818e-02
  1.15100e+01	 -9.50026e-02
  1.15200e+01	 -9.89861e-02
  1.15300e+01	 -9.99865e-02
  1.15400e+01	 -9.79977e-02
  1.15500e+01	 -9.60706e-02
  1.15600e+01	 -9.39521e-02
  1.15700e+01	 -9.31812e-02
  1.15800e+01	 -9.21872e-02
  1.15900e+01	 -9.35532e-02
  1.16000e+01	 -9.66067e-02
  1.16100e+01	 -9.85485e-02
  1.16200e+01	 -9.95268e-02
  1.16300e+01	 -1.03388e-01
  1.16400e+01	 -1.08862e-01
  1.16500e+01	 -1.14599e-01
  1.16600e+01	 -1.18634e-01
  1.16700e+01	 -1.23639e-01
  1.16800e+01	 -1.27347e-01
  1.16900e+01	 -1.26638e-01
  1.17000e+01	 -1.23331e-01
  1.17100e+01	 -1.23190e-01
  1.17200e+01	 -1.21387e-01
  1.17300e+01	 -1.17196e-01
  1.17400e+01	 -1.16144e-01
  1.17500e+01	 -1.17940e-01
  1.17600e+01	 -1.19588e-01
  1.17700e+01	 -1.20588e-01
  1.17800e+01	 -1.22154e-01
  1.17900e+01	 -1.21811e-01
  1.18000e+01	 -1.18573e-01
  1.18100e+01	 -1.11965e-01
  1.18200e+01	 -1.06451e-01
  1.18300e+01	 -9.89023e-02
  1.18400e+01	 -8.62501e-02
  1.18500e+01	 -7.48516e-02
  1.18600e+01	 -6.60305e-02
  1.18700e+01	 -5.57269e-02
  1.18800e+01	 -4.50284e-02
  1.18900e+01	 -3.50980e-02
  1.19000e+01	 -2.59404e-02
  1.19100e+01	 -1.29370e-02
  1.19200e+01	  2.12363e-03
  1.19300e+01	  1.79582e-02
  1.19400e+01	  3.08675e-02
  1.19500e+01	  4.41433e-02
  1.19600e+01	  5.84486e-02
  1.19700e+01	  6.83619e-02
  1.19800e+01	  8.14576e-02
  1.19900e+01	  9.61174e-02
  1.20000e+01	  1.07995e-01
  1.20100e+01	  1.18063e-01
  1.20200e+01	  1.27269e-01
  1.20300e+01	  1.34036e-01
  1.20400e+01	  1.40232e-01
  1.20500e+01	  1.49202e-01
  1.20600e+01	  1.62099e-01
  1.20700e+01	  1.74968e-01
  1.20800e+01	  1.84669e-01
  1.20900e+01	  1.89279e-01
  1.21000e+01	  1.89003e-01
  1.21100e+01	  1.87332e-01
  1.21200e+01	  1.83250e-01
  1.21300e+01	  1.75838e-01
  1.21400e+01	  1.67946e-01
  1.21500e+01	  1.60920e-01
  1.21600e+01	  1.52706e-01
  1.21700e+01	  1.45954e-01
  1.21800e+01	  1.39784e-01
  1.21900e+01	  1.34742e-01
  1.22000e+01	  1.29436e-01
  1.22100e+01	  1.22081e-01
  1.22200e+01	  1.10471e-01
  1.22300e+01	  9.34655e-02
  1.22400e+01	  8.12454e-02
  1.22500e+01	  7.48067e-02
  1.22600e+01	  7.09319e-02
  1.22700e+01	  6.86760e-02
  1.22800e+01	  6.44500e-02
  1.22900e+01	  5.84632e-02
  1.23000e+01	  5.25250e-02
  1.23100e+01	  4.56381e-02
  1.23200e+01	  3.92761e-02
  1.23300e+01	  3.44043e-02
  1.23400e+01	  2.80851e-02
  1.23500e+01	  2.15189e-02
  1.23600e+01	  1.37681e-02
  1.23700e+01	  4.48380e-03
  1.23800e+01	 -5.78067e-03
  1.23900e+01	 -1.54575e-02
  1.24000e+01	 -2.31624e-02
  1.24100e+01	 -3.21649e-02
  1.24200e+01	 -4.23902e-02
  1.24300e+01	 -5.23775e-02
  1.24400e+01	 -5.98225e-02
  1.24500e+01	 -6.53648e-02
  1.24600e+01	 -7.18183e-02
  1.24700e+01	 -7.66221e-02
  1.24800e+01	 -7.93389e-02
  1.24900e+01	 -8.20401e-02
  1.25000e+01	 -8.57723e-02
  1.25100e+01	 -8.67218e-02
  1.25200e+01	 -8.71300e-02
  1.25300e+01	 -8.84794e-02
  1.25400e+01	 -9.05529e-02
  1.25500e+01	 -9.28662e-02
  1.25600e+01	 -9.81423e-02
  1.25700e+01	 -1.02353e-01
  1.25800e+01	 -1.07423e-01
  1.25900e+01	 -1.12607e-01
  1.26000e+01	 -1.17441e-01
  1.26100e+01	 -1.18322e-01
  1.26200e+01	 -1.17197e-01
  1.26300e+01	 -1.19658e-01
  1.26400e+01	 -1.17522e-01
  1.26500e+01	 -1.14256e-01
  1.26600e+01	 -1.11094e-01
  1.26700e+01	 -1.06384e-01
  1.26800e+01	 -9.75162e-02
  1.26900e+01	 -8.33952e-02
  1.27000e+01	 -4.90647e-02
  1.27100e+01	 -3.22242e-02
  1.27200e+01	 -2.70775e-02
  1.27300e+01	 -1.93419e-02
  1.27400e+01	 -1.70198e-02
  1.27500e+01	 -1.33334e-02
  1.27600e+01	 -1.11280e-02
  1.27700e+01	 -7.74035e-03
  1.27800e+01	 -2.02285e-03
  1.27900e+01	  4.29010e-03
  1.28000e+01	  1.35281e-02
  1.28100e+01	  2.34568e-02
  1.28200e+01	  3.35135e-02
  1.28300e+01	  4.43502e-02
  1.28400e+01	  5.47381e-02
  1.28500e+01	  6.33815e-02
  1.28600e+01	  6.75456e-02
  1.28700e+01	  6.87335e-02
  1.28800e+01	  7.02073e-02
  1.28900e+01	  6.82814e-02
  1.29000e+01	  6.22165e-02
  1.29100e+01	  5.92453e-02
  1.29200e+01	  5.20871e-02
  1.29300e+01	  4.28071e-02
  1.29400e+01	  3.42119e-02
  1.29500e+01	  2.68957e-02
  1.29600e+01	  2.26500e-02
  1.29700e+01	  1.98128e-02
  1.29800e+01	  2.05478e-02
  1.29900e+01	  2.23076e-02
  1.30000e+01	  2.16160e-02
  1.30100e+01	  2.09368e-02
  1.30200e+01	  1.77869e-02
  1.30300e+01	  1.40313e-02
  1.30400e+01	  1.30213e-02
  1.30500e+01	  1.12663e-02
  1.30600e+01	  1.04841e-02
  1.30700e+01	  1.03635e-02
  1.30800e+01	  9.96532e-03
  1.30900e+01	  1.00579e-02
  1.31000e+01	  1.23841e-02
  1.31100e+01	  1.79492e-02
  1.31200e+01	  2.34063e-02
  1.31300e+01	  2.75919e-02
  1.31400e+01	  3.21229e-02
  1.31500e+01	  3.53629e-02
  1.31600e+01	  3.63524e-02
  1.31700e+01	  3.87569e-02
  1.31800e+01	  4.17082e-02
  1.31900e+01	  4.54227e-02
  1.32000e+01	  4.89007e-02
  1.32100e+01	  5.05579e-02
  1.32200e+01	  5.12018e-02
  1.32300e+01	  5.34164e-02
  1.32400e+01	  5.45938e-02
  1.32500e+01	  5.55792e-02
  1.32600e+01	  5.75984e-02
  1.32700e+01	  5.78816e-02
  1.32800e+01	  5.86308e-02
  1.32900e+01	  5.83752e-02
  1.33000e+01	  5.65503e-02
  1.33100e+01	  5.47186e-02
  1.33200e+01	  5.18323e-02
  1.33300e+01	  4.39784e-02
  1.33400e+01	  3.61130e-02
  1.33500e+01	  2.72618e-02
  1.33600e+01	  1.69940e-02
  1.33700e+01	  6.01056e-03
  1.33800e+01	 -2.68393e-03
  1.33900e+01	 -9.34242e-03
  1.34000e+01	 -1.35617e-02
  1.34100e+01	 -1.46155e-02
  1.34200e+01	 -1.50417e-02
  1.34300e+01	 -1.75329e-02
  1.34400e+01	 -1.92700e-02
  1.34500e+01	 -2.01711e-02
  1.34600e+01	 -2.28676e-02
  1.34700e+01	 -2.74200e-02
  1.34800e+01	 -3.38253e-02
  1.34900e+01	 -3.85767e-02
  1.35000e+01	 -4.29827e-02
  1.35100e+01	 -4.73332e-02
  1.35200e+01	 -4.96320e-02
  1.35300e+01	 -4.92052e-02
  1.35400e+01	 -4.80876e-02
  1.35500e+01	 -4.64816e-02
  1.35600e+01	 -4.29633e-02
  1.35700e+01	 -3.98892e-02
  1.35800e+01	 -3.68574e-02
  1.35900e+01	 -3.60286e-02
  1.36000e+01	 -3.51710e-02
  1.36100e+01	 -3.68951e-02
  1.36200e+01	 -3.99600e-02
  1.36300e+01	 -4.33327e-02
  1.36400e+01	 -4.81079e-02
  1.36500e+01	 -5.39542e-02
  1.36600e+01	 -5.75839e-02
  1.36700e+01	 -6.43795e-02
  1.36800e+01	 -7.01586e-02
  1.36900e+01	 -7.69780e-02
  1.37000e+01	 -8.24906e-02
  1.37100e+01	 -8.73262e-02
  1.37200e+01	 -9.43503e-02
  1.37300e+01	 -9.75207e-02
  1.37400e+01	 -9.98293e-02
  1.37500e+01	 -1.00825e-01
  1.37600e+01	 -9.82802e-02
  1.37700e+01	 -9.41444e-02
  1.37800e+01	 -8.72715e-02
  1.37900e+01	 -7.73575e-02
  1.38000e+01	 -6.47731e-02
  1.38100e+01	 -5.04716e-02
  1.38200e+01	 -3.77867e-02
  1.38300e+01	 -2.97311e-02
  1.38400e+01	 -2.43160e-02
  1.38500e+01	 -1.94969e-02
  1.38600e+01	 -1.46330e-02
  1.38700e+01	 -1.11691e-02
  1.38800e+01	 -8.39996e-03
  1.38900e+01	 -6.73904e-03
  1.39000e+01	 -6.48564e-03
  1.39100e+01	 -5.14321e-03
  1.39200e+01	 -2.28372e-03
  1.39300e+01	 -4.21203e-04
  1.39400e+01	 -3.08120e-04
  1.39500e+01	  1.64906e-03
  1.39600e+01	  3.24831e-03
  1.39700e+01	  4.84010e-03
  1.39800e+01	  5.10930e-03
  1.39900e+01	  5.40025e-03
  1.40000e+01	  7.44706e-03
  1.40100e+01	  9.94352e-03
  1.40200e+01	  1.00586e-02
  1.40300e+01	  1.00520e-02
  1.40400e+01	  1.02608e-02
  1.40500e+01	  1.01041e-02
  1.40600e+01	  7.13935e-03
  1.40700e+01	  4.86410e-03
  1.40800e+01	  2.70699e-03
  1.40900e+01	  2.64609e-03
  1.41000e+01	  3.23574e-03
  1.41100e+01	  3.39501e-03
  1.41200e+01	  6.52388e-03
  1.41300e+01	  1.07979e-02
  1.41400e+01	  1.45673e-02
  1.41500e+01	  2.07083e-02
  1.41600e+01	  2.63539e-02
  1.41700e+01	  2.65544e-02
  1.41800e+01	  2.60869e-02
  1.41900e+01	  2.41776e-02
  1.42000e+01	  2.01334e-02
  1.42100e+01	  1.61019e-02
  1.42200e+01	  1.49314e-02
  1.42300e+01	  1.45178e-02
  1.42400e+01	  1.26330e-02
  1.42500e+01	  1.36753e-02
  1.42600e+01	  1.50044e-02
  1.42700e+01	  1.48647e-02
  1.42800e+01	  1.66787e-02
  1.42900e+01	  2.00802e-02
  1.43000e+01	  2.28312e-02
  1.43100e+01	  2.24539e-02
  1.43200e+01	  2.54059e-02
  1.43300e+01	  2.85221e-02
  1.43400e+01	  3.01232e-02
  1.43500e+01	  3.30942e-02
  1.43600e+01	  3.87614e-02
  1.43700e+01	  4.53665e-02
  1.43800e+01	  5.18844e-02
  1.43900e+01	  5.99390e-02
  1.44000e+01	  6.51562e-02
  1.44100e+01	  6.77800e-02
  1.44200e+01	  7.13899e-02
  1.44300e+01	  7.10643e-02
  1.44400e+01	  6.86042e-02
  1.44500e+01	  6.54107e-02
  1.44600e+01	  6.04410e-02
  1.44700e+01	  5.51785e-02
  1.44800e+01	  4.96088e-02
  1.44900e+01	  4.36071e-02
  1.45000e+01	  3.90266e-02
  1.45100e+01	  3.78290e-02
  1.45200e+01	  3.93012e-02
  1.45300e+01	  4.07177e-02
  1.45400e+01	  4.41753e-02
  1.45500e+01	  4.95657e-02
  1.45600e+01	  5.37197e-02
  1.45700e+01	  5.71110e-02
  1.45800e+01	  6.04402e-02
  1.45900e+01	  6.38141e-02
  1.46000e+01	  6.54194e-02
  1.46100e+01	  6.41012e-02
  1.46200e+01	  5.97092e-02
  1.46300e+01	  5.28957e-02
  1.46400e+01	  4.27337e-02
  1.46500e+01	  3.15597e-02
  1.46600e+01	  1.72318e-02
  1.46700e+01	  1.06749e-03
  1.46800e+01	 -1.26809e-02
  1.46900e+01	 -2.62069e-02
  1.47000e+01	 -4.10101e-02
  1.47100e+01	 -5.39855e-02
  1.47200e+01	 -6.04806e-02
  1.47300e+01	 -6.66520e-02
  1.47400e+01	 -7.16305e-02
  1.47500e+01	 -7.36887e-02
  1.47600e+01	 -7.41973e-02
  1.47700e+01	 -7.22262e-02
  1.47800e+01	 -6.87619e-02
  1.47900e+01	 -6.34699e-02
  1.48000e+01	 -5.33673e-02
  1.48100e+01	 -3.89059e-02
  1.48200e+01	 -2.58115e-02
  1.48300e+01	 -1.56018e-02
  1.48400e+01	 -7.54126e-03
  1.48500e+01	 -2.34442e-03
  1.48600e+01	 -4.87441e-04
  1.48700e+01	 -2.85053e-04
  1.48800e+01	 -2.45576e-04
  1.48900e+01	 -3.47385e-04
  1.49000e+01	 -2.50378e-03
  1.49100e+01	 -4.50640e-03
  1.49200e+01	 -4.34533e-03
  1.49300e+01	 -4.13989e-03
  1.49400e+01	 -2.86204e-03
  1.49500e+01	 -1.99096e-03
  1.49600e+01	 -2.02820e-03
  1.49700e+01	 -3.49423e-03
  1.49800e+01	 -6.20419e-03
  1.49900e+01	 -8.61428e-03
  1.50000e+01	 -1.35470e-02
  1.50100e+01	 -1.58489e-02
  1.50200e+01	 -1.56362e-02
  1.50300e+01	 -1.50472e-02
  1.50400e+01	 -1.40965e-02
  1.50500e+01	 -9.63930e-03
  1.50600e+01	 -5.67990e-03
  1.50700e+01	  9.26300e-04
  1.50800e+01	  7.78190e-03
  1.50900e+01	  1.37716e-02
  1.51000e+01	  1.81205e-02
  1.51100e+01	  2.31628e-02
  1.51200e+01	  2.69997e-02
  1.51300e+01	  2.96180e-02
  1.51400e+01	  2.94926e-02
  1.51500e+01	  2.65554e-02
  1.51600e+01	  2.08810e-02
  1.51700e+01	  1.69171e-02
  1.51800e+01	  1.23453e-02
  1.51900e+01	  7.14524e-03
  1.52000e+01	  4.22848e-03
  1.52100e+01	  1.71175e-03
  1.52200e+01	  4.28808e-04
  1.52300e+01	  1.92759e-03
  1.52400e+01	  3.26612e-03
  1.52500e+01	  6.95255e-03
  1.52600e+01	  1.21223e-02
  1.52700e+01	  1.64697e-02
  1.52800e+01	  2.08897e-02
  1.52900e+01	  2.34394e-02
  1.53000e+01	  2.47374e-02
  1.53100e+01	  2.35335e-02
  1.53200e+01	  2.02978e-02
  1.53300e+01	  1.71024e-02
  1.53400e+01	  1.25622e-02
  1.53500e+01	  5.01852e-03
  1.53600e+01	 -8.22222e-04
  1.53700e+01	 -6.48160e-03
  1.53800e+01	 -1.40349e-02
  1.53900e+01	 -1.98771e-02
  1.54000e+01	 -2.25457e-02
  1.54100e+01	 -2.45267e-02
  1.54200e+01	 -2.76533e-02
  1.54300e+01	 -3.19049e-02
  1.54400e+01	 -3.61465e-02
  1.54500e+01	 -3.86816e-02
  1.54600e+01	 -4.34253e-02
  1.54700e+01	 -5.13685e-02
  1.54800e+01	 -5.77397e-02
  1.54900e+01	 -6.21050e-02
  1.55000e+01	 -6.55796e-02
  1.55100e+01	 -6.68635e-02
  1.55200e+01	 -6.45614e-02
  1.55300e+01	 -6.13227e-02
  1.55400e+01	 -5.74274e-02
  1.55500e+01	 -4.92998e-02
  1.55600e+01	 -4.16652e-02
  1.55700e+01	 -3.33874e-02
  1.55800e+01	 -2.36907e-02
  1.55900e+01	 -1.69834e-02
  1.56000e+01	 -6.40733e-03
  1.56100e+01	  7.53975e-04
  1.56200e+01	  5.55246e-03
  1.56300e+01	  9.65739e-03
  1.56400e+01	  9.94368e-03
  1.56500e+01	  1.00031e-02
  1.56600e+01	  9.57937e-03
  1.56700e+01	  6.73454e-03
  1.56800e+01	  2.44217e-03
  1.56900e+01	  4.77590e-04
  1.57000e+01	  1.70651e-03
  1.57100e+01	  4.46830e-03
  1.57200e+01	  9.67755e-03
  1.57300e+01	  1.51430e-02
  1.57400e+01	  1.85836e-02
  1.57500e+01	  2.38776e-02
  1.57600e+01	  2.71411e-02
  1.57700e+01	  3.12925e-02
  1.57800e+01	  3.26606e-02
  1.57900e+01	  3.57410e-02
  1.58000e+01	  4.02240e-02
  1.58100e+01	  4.51634e-02
  1.58200e+01	  4.89023e-02
  1.58300e+01	  4.98439e-02
  1.58400e+01	  4.79535e-02
  1.58500e+01	  4.45430e-02
  1.58600e+01	  3.86012e-02
  1.58700e+01	  3.33564e-02
  1.58800e+01	  2.91972e-02
  1.58900e+01	  2.43677e-02
  1.59000e+01	  2.08695e-02
  1.59100e+01	  1.99194e-02
  1.59200e+01	  1.94553e-02
  1.59300e+01	  1.85404e-02
  1.59400e+01	  1.79481e-02
  1.59500e+01	  1.43516e-02
  1.59600e+01	  9.72255e-03
  1.59700e+01	  2.78861e-03
  1.59800e+01	 -5.21450e-03
  1.59900e+01	 -1.10660e-02
  1.60000e+01	 -1.73252e-02
  1.60100e+01	 -2.29468e-02
  1.60200e+01	 -2.75715e-02
  1.60300e+01	 -3.02116e-02
  1.60400e+01	 -2.96613e-02
  1.60500e+01	 -2.88485e-02
  1.60600e+01	 -2.97808e-02
  1.60700e+01	 -2.76036e-02
  1.60800e+01	 -2.46945e-02
  1.60900e+01	 -2.23538e-02
  1.61000e+01	 -1.91900e-02
  1.61100e+01	 -1.72315e-02
  1.61200e+01	 -1.43032e-02
  1.61300e+01	 -1.10839e-02
  1.61400e+01	 -5.79319e-03
  1.61500e+01	 -1.59241e-03
  1.61600e+01	  3.29039e-03
  1.61700e+01	  8.01089e-03
  1.61800e+01	  1.18821e-02
  1.61900e+01	  1.57860e-02
  1.62000e+01	  1.66992e-02
  1.62100e+01	  1.74124e-02
  1.62200e+01	  1.97310e-02
  1.62300e+01	  2.43486e-02
  1.62400e+01	  2.84898e-02
  1.62500e+01	  2.98217e-02
  1.62600e+01	  3.09491e-02
  1.62700e+01	  3.09382e-02
  1.62800e+01	  2.76220e-02
  1.62900e+01	  2.68365e-02
  1.63000e+01	  2.43607e-02
  1.63100e+01	  2.15829e-02
  1.63200e+01	  1.98636e-02
  1.63300e+01	  1.80668e-02
  1.63400e+01	  1.60075e-02
  1.63500e+01	  1.47836e-02
  1.63600e+01	  1.34360e-02
  1.63700e+01	  1.00692e-02
  1.63800e+01	  7.07782e-03
  1.63900e+01	  4.70298e-03
  1.64000e+01	  1.40719e-03
  1.64100e+01	 -2.18529e-03
  1.64200e+01	 -4.58339e-03
  1.64300e+01	 -7.21507e-03
  1.64400e+01	 -9.70967e-03
  1.64500e+01	 -1.33543e-02
  1.64600e+01	 -1.86018e-02
  1.64700e+01	 -2.45518e-02
  1.64800e+01	 -3.11602e-02
  1.64900e+01	 -3.92590e-02
  1.65000e+01	 -4.46060e-02
  1.65100e+01	 -4.78411e-02
  1.65200e+01	 -4.98213e-02
  1.65300e+01	 -4.77753e-02
  1.65400e+01	 -4.27774e-02
  1.65500e+01	 -3.78997e-02
  1.65600e+01	 -3.08712e-02
  1.65700e+01	 -2.25758e-02
  1.65800e+01	 -1.42648e-02
  1.65900e+01	 -5.27244e-03
  1.66000e+01	  1.05228e-03
  1.66100e+01	  7.41588e-03
  1.66200e+01	  1.11000e-02
  1.66300e+01	  1.64250e-02
  1.66400e+01	  2.20149e-02
  1.66500e+01	  2.61799e-02
  1.66600e+01	  3.05077e-02
  1.66700e+01	  3.48434e-02
  1.66800e+01	  3.71503e-02
  1.66900e+01	  3.69495e-02
  1.67000e+01	  3.78909e-02
  1.67100e+01	  3.92238e-02
  1.67200e+01	  3.80253e-02
  1.67300e+01	  3.80501e-02
  1.67400e+01	  3.67200e-02
  1.67500e+01	  3.46073e-02
  1.67600e+01	  3.33059e-02
  1.67700e+01	  3.07317e-02
  1.67800e+01	  2.97164e-02
  1.67900e+01	  2.89026e-02
  1.68000e+01	  2.94800e-02
  1.68100e+01	  2.96320e-02
  1.68200e+01	  3.01084e-02
  1.68300e+01	  2.93319e-02
  1.68400e+01	  2.81480e-02
  1.68500e+01	  2.72860e-02
  1.68600e+01	  2.65553e-02
  1.68700e+01	  2.44025e-02
  1.68800e+01	  2.05797e-02
  1.68900e+01	  1.81946e-02
  1.69000e+01	  1.65365e-02
  1.69100e+01	  1.08366e-02
  1.69200e+01	  3.74817e-03
  1.69300e+01	 -2.91416e-03
  1.69400e+01	 -1.04462e-02
  1.69500e+01	 -2.02893e-02
  1.69600e+01	 -2.70872e-02
  1.69700e+01	 -3.14270e-02
  1.69800e+01	 -3.81714e-02
  1.69900e+01	 -4.16892e-02
  1.70000e+01	 -4.46082e-02
  1.70100e+01	 -4.55349e-02
  1.70200e+01	 -4.44009e-02
  1.70300e+01	 -4.35418e-02
  1.70400e+01	 -4.12480e-02
  1.70500e+01	 -3.62577e-02
  1.70600e+01	 -3.31071e-02
  1.70700e+01	 -2.84914e-02
  1.70800e+01	 -2.47018e-02
  1.70900e+01	 -2.17123e-02
  1.71000e+01	 -1.96695e-02
  1.71100e+01	 -2.06922e-02
  1.71200e+01	 -2.42393e-02
  1.71300e+01	 -2.75667e-02
  1.71400e+01	 -3.27176e-02
  1.71500e+01	 -3.95870e-02
  1.71600e+01	 -4.60642e-02
  1.71700e+01	 -4.98037e-02
  1.71800e+01	 -5.31236e-02
  1.71900e+01	 -5.26712e-02
  1.72000e+01	 -5.11409e-02
  1.72100e+01	 -5.00176e-02
  1.72200e+01	 -4.86015e-02
  1.72300e+01	 -4.40466e-02
  1.72400e+01	 -3.90378e-02
  1.72500e+01	 -3.44213e-02
  1.72600e+01	 -2.96572e-02
  1.72700e+01	 -2.36279e-02
  1.72800e+01	 -1.79544e-02
  1.72900e+01	 -1.65044e-02
  1.73000e+01	 -1.62076e-02
  1.73100e+01	 -1.53100e-02
  1.73200e+01	 -1.46520e-02
  1.73300e+01	 -1.41962e-02
  1.73400e+01	 -1.32126e-02
  1.73500e+01	 -9.34432e-03
  1.73600e+01	 -4.46918e-03
  1.73700e+01	  1.76277e-03
  1.73800e+01	  7.18003e-03
  1.73900e+01	  1.18305e-02
  1.74000e+01	  1.70486e-02
  1.74100e+01	  2.07285e-02
  1.74200e+01	  2.08621e-02
  1.74300e+01	  2.01998e-02
  1.74400e+01	  1.88074e-02
  1.74500e+01	  1.40498e-02
  1.74600e+01	  8.91627e-03
  1.74700e+01	  4.17608e-03
  1.74800e+01	  2.89154e-03
  1.74900e+01	  3.44658e-04
  1.75000e+01	 -6.14190e-04
  1.75100e+01	  1.17026e-03
  1.75200e+01	  4.67851e-03
  1.75300e+01	  8.29099e-03
  1.75400e+01	  1.18901e-02
  1.75500e+01	  1.41961e-02
  1.75600e+01	  1.63313e-02
  1.75700e+01	  1.68692e-02
  1.75800e+01	  1.64844e-02
  1.75900e+01	  1.54849e-02
  1.76000e+01	  1.36797e-02
  1.76100e+01	  1.34272e-02
  1.76200e+01	  1.31397e-02
  1.76300e+01	  1.14093e-02
  1.76400e+01	  9.97829e-03
  1.76500e+01	  8.50190e-03
  1.76600e+01	  8.12679e-03
  1.76700e+01	  5.47276e-03
  1.76800e+01	  2.79766e-04
  1.76900e+01	 -9.39619e-04
  1.77000e+01	 -2.03480e-03
  1.77100e+01	 -1.24825e-03
  1.77200e+01	  1.25147e-03
  1.77300e+01	  5.30794e-03
  1.77400e+01	  1.04236e-02
  1.77500e+01	  1.40894e-02
  1.77600e+01	  1.50338e-02
  1.77700e+01	  1.60196e-02
  1.77800e+01	  1.59412e-02
  1.77900e+01	  1.54969e-02
  1.78000e+01	  1.52157e-02
  1.78100e+01	  1.48601e-02
  1.78200e+01	  1.45863e-02
  1.78300e+01	  1.42541e-02
  1.78400e+01	  1.39582e-02
  1.78500e+01	  1.35556e-02
  1.78600e+01	  1.30788e-02
  1.78700e+01	  1.41861e-02
  1.78800e+01	  1.68312e-02
  1.78900e+01	  1.65041e-02
  1.79000e+01	  1.72962e-02
  1.79100e+01	  1.93098e-02
  1.79200e+01	  2.01962e-02
  1.79300e+01	  2.25113e-02
  1.79400e+01	  2.35738e-02
  1.79500e+01	  2.26180e-02
  1.79600e+01	  2.09306e-02
  1.79700e+01	  1.86913e-02
  1.79800e+01	  1.50951e-02
  1.79900e+01	  1.00242e-02
  1.80000e+01	  5.53339e-03
  1.80100e+01	  2.87816e-03
  1.80200e+01	 -1.00379e-03
  1.80300e+01	 -2.90954e-03
  1.80400e+01	 -4.00781e-03
  1.80500e+01	 -3.75738e-03
  1.80600e+01	 -9.62144e-04
  1.80700e+01	  4.16928e-05
  1.80800e+01	  1.23939e-03
  1.80900e+01	  1.75926e-03
  1.81000e+01	  1.80277e-03
  1.81100e+01	 -2.65893e-04
  1.81200e+01	 -2.83982e-03
  1.81300e+01	 -2.58475e-03
  1.81400e+01	 -2.14504e-03
  1.81500e+01	 -1.37233e-04
  1.81600e+01	  5.34709e-03
  1.81700e+01	  1.15264e-02
  1.81800e+01	  1.72094e-02
  1.81900e+01	  2.28034e-02
  1.82000e+01	  2.67238e-02
  1.82100e+01	  2.92590e-02
  1.82200e+01	  3.16807e-02
  1.82300e+01	  3.23168e-02
  1.82400e+01	  3.23812e-02
  1.82500e+01	  3.15112e-02
  1.82600e+01	  2.85292e-02
  1.82700e+01	  2.45647e-02
  1.82800e+01	  1.91461e-02
  1.82900e+01	  1.35200e-02
  1.83000e+01	  6.67837e-03
  1.83100e+01	 -1.18364e-03
  1.83200e+01	 -6.93867e-03
  1.83300e+01	 -1.16262e-02
  1.83400e+01	 -1.66638e-02
  1.83500e+01	 -2.25341e-02
  1.83600e+01	 -2.96178e-02
  1.83700e+01	 -3.48787e-02
  1.83800e+01	 -3.83143e-02
  1.83900e+01	 -4.12106e-02
  1.84000e+01	 -4.32215e-02
  1.84100e+01	 -4.36369e-02
  1.84200e+01	 -4.21860e-02
  1.84300e+01	 -3.99866e-02
  1.84400e+01	 -3.68544e-02
  1.84500e+01	 -3.01634e-02
  1.84600e+01	 -2.30908e-02
  1.84700e+01	 -1.78208e-02
  1.84800e+01	 -1.25477e-02
  1.84900e+01	 -5.69864e-03
  1.85000e+01	 -1.49026e-03
  1.85100e+01	  1.55215e-03
  1.85200e+01	  1.62038e-03
  1.85300e+01	  2.92675e-03
  1.85400e+01	  4.20328e-03
  1.85500e+01	  5.55052e-03
  1.85600e+01	  5.74532e-03
  1.85700e+01	  6.07471e-03
  1.85800e+01	  7.40352e-03
  1.85900e+01	  7.24488e-03
  1.86000e+01	  6.86895e-03
  1.86100e+01	  6.82255e-03
  1.86200e+01	  6.42230e-03
  1.86300e+01	  6.31955e-03
  1.86400e+01	  6.03193e-03
  1.86500e+01	  7.27539e-03
  1.86600e+01	  8.45041e-03
  1.86700e+01	  1.09298e-02
  1.86800e+01	  1.20156e-02
  1.86900e+01	  1.44347e-02
  1.87000e+01	  1.93617e-02
  1.87100e+01	  2.36683e-02
  1.87200e+01	  2.80080e-02
  1.87300e+01	  3.35744e-02
  1.87400e+01	  3.79765e-02
  1.87500e+01	  4.25447e-02
  1.87600e+01	  4.78120e-02
  1.87700e+01	  5.12885e-02
  1.87800e+01	  5.47829e-02
  1.87900e+01	  5.78315e-02
  1.88000e+01	  5.87492e-02
  1.88100e+01	  5.96239e-02
  1.88200e+01	  5.70834e-02
  1.88300e+01	  5.12853e-02
  1.88400e+01	  4.53195e-02
  1.88500e+01	  3.53221e-02
  1.88600e+01	  2.59654e-02
  1.88700e+01	  1.86395e-02
  1.88800e+01	  1.28555e-02
  1.88900e+01	  6.93685e-03
  1.89000e+01	  1.31710e-03
  1.89100e+01	 -3.54041e-03
  1.89200e+01	 -7.27694e-03
  1.89300e+01	 -1.14714e-02
  1.89400e+01	 -1.41566e-02
  1.89500e+01	 -1.81898e-02
  1.89600e+01	 -2.32102e-02
  1.89700e+01	 -2.81096e-02
  1.89800e+01	 -3.16750e-02
  1.89900e+01	 -3.49806e-02
  1.90000e+01	 -3.80949e-02
  1.90100e+01	 -4.10616e-02
  1.90200e+01	 -4.24082e-02
  1.90300e+01	 -4.43236e-02
  1.90400e+01	 -4.51807e-02
  1.90500e+01	 -4.52061e-02
  1.90600e+01	 -4.43103e-02
  1.90700e+01	 -4.17166e-02
  1.90800e+01	 -4.04176e-02
  1.90900e+01	 -3.98060e-02
  1.91000e+01	 -3.88493e-02
  1.91100e+01	 -3.91783e-02
  1.91200e+01	 -3.96073e-02
  1.91300e+01	 -4.06310e-02
  1.91400e+01	 -4.39973e-02
  1.91500e+01	 -4.64577e-02
  1.91600e+01	 -5.00456e-02
  1.91700e+01	 -5.38885e-02
  1.91800e+01	 -5.58198e-02
  1.91900e+01	 -5.55200e-02
  1.92000e+01	 -5.68938e-02
  1.92100e+01	 -5.31891e-02
  1.92200e+01	 -4.63943e-02
  1.92300e+01	 -3.78263e-02
  1.92400e+01	 -2.54622e-02
  1.92500e+01	 -1.47972e-02
  1.92600e+01	 -6.60939e-03
  1.92700e+01	 -3.50317e-04
  1.92800e+01	  2.58427e-03
  1.92900e+01	  3.65265e-03
  1.93000e+01	  2.13898e-03
  1.93100e+01	 -7.64980e-04
  1.93200e+01	 -4.14767e-03
  1.93300e+01	 -4.47797e-03
  1.93400e+01	 -5.94714e-03
  1.93500e+01	 -8.53584e-03
  1.93600e+01	 -4.97390e-03
  1.93700e+01	 -2.95653e-03
  1.93800e+01	 -6.85126e-04
  1.93900e+01	  2.61791e-03
  1.94000e+01	  4.97919e-03
  1.94100e+01	  9.80565e-03
  1.94200e+01	  1.30648e-02
  1.94300e+01	  1.50703e-02
  1.94400e+01	  1.65443e-02
  1.94500e+01	  1.81002e-02
  1.94600e+01	  2.02836e-02
  1.94700e+01	  1.97748e-02
  1.94800e+01	  1.94195e-02
  1.94900e+01	  2.06222e-02
  1.95000e+01	  2.05741e-02
  1.95100e+01	  1.96714e-02
  1.95200e+01	  1.93906e-02
  1.95300e+01	  1.74529e-02
  1.95400e+01	  1.60823e-02
  1.95500e+01	  1.58824e-02
  1.95600e+01	  1.54250e-02
  1.95700e+01	  1.48571e-02
  1.95800e+01	  1.44850e-02
  1.95900e+01	  1.38523e-02
  1.96000e+01	  1.19272e-02
  1.96100e+01	  1.04159e-02
  1.96200e+01	  8.99692e-03
  1.96300e+01	  8.41140e-03
  1.96400e+01	  6.86235e-03
  1.96500e+01	  4.31990e-03
  1.96600e+01	  7.05955e-03
  1.96700e+01	  7.84798e-03
  1.96800e+01	  7.87833e-03
  1.96900e+01	  1.01417e-02
  1.97000e+01	  1.08439e-02
  1.97100e+01	  1.09416e-02
  1.97200e+01	  1.26469e-02
  1.97300e+01	  1.02844e-02
  1.97400e+01	  6.97082e-03
  1.97500e+01	  4.76786e-03
  1.97600e+01	  2.98230e-03
  1.97700e+01	  6.59161e-04
  1.97800e+01	 -1.21485e-03
  1.97900e+01	 -3.98603e-03
  1.98000e+01	 -5.60890e-03
  1.98100e+01	 -7.64459e-03
  1.98200e+01	 -8.57285e-03
  1.98300e+01	 -8.02824e-03
  1.98400e+01	 -8.22155e-03
  1.98500e+01	 -7.96196e-03
  1.98600e+01	 -1.03313e-02
  1.98700e+01	 -1.22706e-02
  1.98800e+01	 -1.22862e-02
  1.98900e+01	 -1.50095e-02
  1.99000e+01	 -1.58478e-02
  1.99100e+01	 -1.48301e-02
  1.99200e+01	 -1.46567e-02
  1.99300e+01	 -1.14346e-02
  1.99400e+01	 -9.66913e-03
  1.99500e+01	 -1.00666e-02
  1.99600e+01	 -8.93144e-03
  1.99700e+01	 -6.01746e-03
  1.99800e+01	 -4.67990e-03
  1.99900e+01	 -4.84098e-03
  2.00000e+01	 -2.57664e-03
  2.00100e+01	 -7.09853e-04
  2.00200e+01	  1.39375e-03
  2.00300e+01	  3.70032e-03
  2.00400e+01	  6.53144e-03
  2.00500e+01	  7.71861e-03
  2.00600e+01	  8.21111e-03
  2.00700e+01	  1.11398e-02
  2.00800e+01	  1.13196e-02
  2.00900e+01	  9.31172e-03
  2.01000e+01	  8.13243e-03
  2.01100e+01	  7.71538e-03
  2.01200e+01	  6.54974e-03
  2.01300e+01	  7.38217e-03
  2.01400e+01	  7.53577e-03
  2.01500e+01	  6.91615e-03
  2.01600e+01	  6.57920e-03
  2.01700e+01	  4.38701e-03
  2.01800e+01	  1.78642e-03
  2.01900e+01	 -1.89414e-03
  2.02000e+01	 -4.49440e-03
  2.02100e+01	 -7.22773e-03
  2.02200e+01	 -8.82952e-03
  2.02300e+01	 -1.11400e-02
  2.02400e+01	 -1.43191e-02
  2.02500e+01	 -1.51331e-02
  2.02600e+01	 -1.72850e-02
  2.02700e+01	 -1.97827e-02
  2.02800e+01	 -2.28369e-02
  2.02900e+01	 -2.42272e-02
  2.03000e+01	 -2.72122e-02
  2.03100e+01	 -2.93867e-02
  2.03200e+01	 -2.94117e-02
  2.03300e+01	 -3.03763e-02
  2.03400e+01	 -3.20402e-02
  2.03500e+01	 -3.11882e-02
  2.03600e+01	 -3.03436e-02
  2.03700e+01	 -2.83078e-02
  2.03800e+01	 -2.79744e-02
  2.03900e+01	 -2.80607e-02
  2.04000e+01	 -2.74393e-02
  2.04100e+01	 -2.89405e-02
  2.04200e+01	 -2.98405e-02
  2.04300e+01	 -2.87515e-02
  2.04400e+01	 -3.06769e-02
  2.04500e+01	 -3.14560e-02
  2.04600e+01	 -2.99018e-02
  2.04700e+01	 -2.91340e-02
  2.04800e+01	 -2.81772e-02
  2.04900e+01	 -2.86481e-02
  2.05000e+01	 -3.01026e-02
  2.05100e+01	 -2.98116e-02
  2.05200e+01	 -2.89421e-02
  2.05300e+01	 -2.97718e-02
  2.05400e+01	 -2.85828e-02
  2.05500e+01	 -2.86930e-02
  2.05600e+01	 -2.59420e-02
  2.05700e+01	 -2.30579e-02
  2.05800e+01	 -1.97604e-02
  2.05900e+01	 -1.55449e-02
  2.06000e+01	 -1.27864e-02
  2.06100e+01	 -5.83856e-03
  2.06200e+01	  9.58506e-04
  2.06300e+01	  7.43712e-03
  2.06400e+01	  1.34753e-02
  2.06500e+01	  2.03242e-02
  2.06600e+01	  2.81331e-02
  2.06700e+01	  3.21279e-02
  2.06800e+01	  3.53922e-02
  2.06900e+01	  3.86779e-02
  2.07000e+01	  4.13719e-02
  2.07100e+01	  4.25701e-02
  2.07200e+01	  4.44199e-02
  2.07300e+01	  4.39471e-02
  2.07400e+01	  4.27978e-02
  2.07500e+01	  4.22247e-02
  2.07600e+01	  4.12966e-02
  2.07700e+01	  4.03644e-02
  2.07800e+01	  3.94536e-02
  2.07900e+01	  3.87571e-02
  2.08000e+01	  3.78674e-02
  2.08100e+01	  3.71425e-02
  2.08200e+01	  3.61081e-02
  2.08300e+01	  3.54723e-02
  2.08400e+01	  3.45565e-02
  2.08500e+01	  3.62350e-02
  2.08600e+01	  3.75484e-02
  2.08700e+01	  3.67309e-02
  2.08800e+01	  3.87332e-02
  2.08900e+01	  4.04499e-02
  2.09000e+01	  4.18687e-02
  2.09100e+01	  4.23643e-02
  2.09200e+01	  4.34169e-02
  2.09300e+01	  4.50664e-02
  2.09400e+01	  4.65983e-02
  2.09500e+01	  4.89243e-02
  2.09600e+01	  4.81251e-02
  2.09700e+01	  4.65294e-02
  2.09800e+01	  4.53831e-02
  2.09900e+01	  4.42968e-02
  2.10000e+01	  4.29124e-02
  2.10100e+01	  4.24002e-02
  2.10200e+01	  4.17961e-02
  2.10300e+01	  3.92891e-02
  2.10400e+01	  3.79934e-02
  2.10500e+01	  3.54388e-02
  2.10600e+01	  3.19968e-02
  2.10700e+01	  2.95193e-02
  2.10800e+01	  2.58474e-02
  2.10900e+01	  2.23863e-02
  2.11000e+01	  1.93746e-02
  2.11100e+01	  1.55288e-02
  2.11200e+01	  9.84338e-03
  2.11300e+01	  6.09113e-03
  2.11400e+01	  1.25018e-03
  2.11500e+01	 -3.24446e-03
  2.11600e+01	 -7.08535e-03
  2.11700e+01	 -1.21046e-02
  2.11800e+01	 -1.52270e-02
  2.11900e+01	 -1.77540e-02
  2.12000e+01	 -2.22840e-02
  2.12100e+01	 -2.72383e-02
  2.12200e+01	 -3.02761e-02
  2.12300e+01	 -3.35631e-02
  2.12400e+01	 -3.59064e-02
  2.12500e+01	 -3.64195e-02
  2.12600e+01	 -3.85703e-02
  2.12700e+01	 -3.82415e-02
  2.12800e+01	 -3.70501e-02
  2.12900e+01	 -3.63947e-02
  2.13000e+01	 -3.34174e-02
  2.13100e+01	 -2.85515e-02
  2.13200e+01	 -2.42838e-02
  2.13300e+01	 -1.93408e-02
  2.13400e+01	 -1.28224e-02
  2.13500e+01	 -8.05421e-03
  2.13600e+01	 -5.67225e-03
  2.13700e+01	 -3.47636e-03
  2.13800e+01	 -3.70794e-03
  2.13900e+01	 -5.31780e-03
  2.14000e+01	 -6.30888e-03
  2.14100e+01	 -8.76262e-03
  2.14200e+01	 -1.14167e-02
  2.14300e+01	 -1.48323e-02
  2.14400e+01	 -1.51157e-02
  2.14500e+01	 -1.45322e-02
  2.14600e+01	 -1.33140e-02
  2.14700e+01	 -1.04879e-02
  2.14800e+01	 -9.56422e-03
  2.14900e+01	 -9.20984e-03
  2.15000e+01	 -7.29627e-03
  2.15100e+01	 -6.99816e-03
  2.15200e+01	 -5.77614e-03
  2.15300e+01	 -4.35956e-03
  2.15400e+01	 -2.68003e-03
  2.15500e+01	 -6.90228e-04
  2.15600e+01	  9.24901e-04
  2.15700e+01	  4.55225e-03
  2.15800e+01	  7.21541e-03
  2.15900e+01	  7.84670e-03
  2.16000e+01	  1.07479e-02
  2.16100e+01	  1.40323e-02
  2.16200e+01	  1.50640e-02
  2.16300e+01	  1.47364e-02
  2.16400e+01	  1.42325e-02
  2.16500e+01	  1.40132e-02
  2.16600e+01	  1.34394e-02
  2.16700e+01	  1.32444e-02
  2.16800e+01	  1.13327e-02
  2.16900e+01	  7.98947e-03
  2.17000e+01	  7.40082e-03
  2.17100e+01	  7.52779e-03
  2.17200e+01	  7.17733e-03
  2.17300e+01	  9.05489e-03
  2.17400e+01	  1.12708e-02
  2.17500e+01	  1.22603e-02
  2.17600e+01	  1.21079e-02
  2.17700e+01	  1.27566e-02
  2.17800e+01	  1.29648e-02
  2.17900e+01	  1.28740e-02
  2.18000e+01	  1.04937e-02
  2.18100e+01	  7.50902e-03
  2.18200e+01	  4.73491e-03
  2.18300e+01	  8.93021e-04
  2.18400e+01	 -3.24891e-03
  2.18500e+01	 -7.04962e-03
  2.18600e+01	 -1.00315e-02
  2.18700e+01	 -1.22379e-02
  2.18800e+01	 -1.56962e-02
  2.18900e+01	 -1.77801e-02
  2.19000e+01	 -1.82518e-02
  2.19100e+01	 -2.01336e-02
  2.19200e+01	 -2.16424e-02
  2.19300e+01	 -2.20279e-02
  2.19400e+01	 -2.27507e-02
  2.19500e+01	 -2.22603e-02
  2.19600e+01	 -2.15052e-02
  2.19700e+01	 -1.93683e-02
  2.19800e+01	 -1.88976e-02
  2.19900e+01	 -1.64821e-02
  2.20000e+01	 -1.35744e-02
  2.20100e+01	 -1.36677e-02
  2.20200e+01	 -1.26688e-02
  2.20300e+01	 -9.12367e-03
  2.20400e+01	 -8.14410e-03
  2.20500e+01	 -8.68464e-03
  2.20600e+01	 -5.75729e-03
  2.20700e+01	 -3.53042e-03
  2.20800e+01	 -4.08388e-03
  2.20900e+01	 -2.80820e-03
  2.21000e+01	  3.60736e-04
  2.21100e+01	  2.62716e-03
  2.21200e+01	  4.59294e-03
  2.21300e+01	  4.81999e-03
  2.21400e+01	  7.59970e-03
  2.21500e+01	  8.28219e-03
  2.21600e+01	  4.88303e-03
  2.21700e+01	  3.56984e-03
  2.21800e+01	  1.08993e-03
  2.21900e+01	 -1.30431e-03
  2.22000e+01	 -4.54538e-03
  2.22100e+01	 -7.85945e-03
  2.22200e+01	 -8.88953e-03
  2.22300e+01	 -1.09459e-02
  2.22400e+01	 -1.31414e-02
  2.22500e+01	 -1.42841e-02
  2.22600e+01	 -1.44216e-02
  2.22700e+01	 -1.53729e-02
  2.22800e+01	 -1.78751e-02
  2.22900e+01	 -1.88657e-02
  2.23000e+01	 -1.92576e-02
  2.23100e+01	 -2.04275e-02
  2.23200e+01	 -2.06963e-02
  2.23300e+01	 -1.98825e-02
  2.23400e+01	 -2.01480e-02
  2.23500e+01	 -2.09844e-02
  2.23600e+01	 -2.05608e-02
  2.23700e+01	 -2.29803e-02
  2.23800e+01	 -2.38504e-02
  2.23900e+01	 -2.31066e-02
  2.24000e+01	 -2.50707e-02
  2.24100e+01	 -2.57930e-02
  2.24200e+01	 -2.48942e-02
  2.24300e+01	 -2.37638e-02
  2.24400e+01	 -2.07058e-02
  2.24500e+01	 -1.56577e-02
  2.24600e+01	 -1.28678e-02
  2.24700e+01	 -8.99812e-03
  2.24800e+01	 -4.95243e-03
  2.24900e+01	 -2.46074e-03
  2.25000e+01	 -1.99743e-03
  2.25100e+01	 -1.00099e-03
  2.25200e+01	  7.23420e-04
  2.25300e+01	  1.03928e-03
  2.25400e+01	  3.83617e-03
  2.25500e+01	  7.69265e-03
  2.25600e+01	  8.90277e-03
  2.25700e+01	  9.91690e-03
  2.25800e+01	  1.20047e-02
  2.25900e+01	  1.60390e-02
  2.26000e+01	  1.76581e-02
  2.26100e+01	  2.00398e-02
  2.26200e+01	  2.18317e-02
  2.26300e+01	  2.50289e-02
  2.26400e+01	  2.72729e-02
  2.26500e+01	  3.03386e-02
  2.26600e+01	  3.45100e-02
  2.26700e+01	  3.67489e-02
  2.26800e+01	  3.74104e-02
  2.26900e+01	  3.78069e-02
  2.27000e+01	  3.81967e-02
  2.27100e+01	  3.73761e-02
  2.27200e+01	  3.61398e-02
  2.27300e+01	  3.54876e-02
  2.27400e+01	  3.37632e-02
  2.27500e+01	  3.07487e-02
  2.27600e+01	  2.71741e-02
  2.27700e+01	  2.54498e-02
  2.27800e+01	  2.17561e-02
  2.27900e+01	  1.89130e-02
  2.28000e+01	  1.42446e-02
  2.28100e+01	  7.37473e-03
  2.28200e+01	  9.43217e-04
  2.28300e+01	 -3.96657e-03
  2.28400e+01	 -9.29095e-03
  2.28500e+01	 -1.56753e-02
  2.28600e+01	 -2.08506e-02
  2.28700e+01	 -2.28802e-02
  2.28800e+01	 -2.39133e-02
  2.28900e+01	 -2.59912e-02
  2.29000e+01	 -2.81390e-02
  2.29100e+01	 -2.88994e-02
  2.29200e+01	 -3.03148e-02
  2.29300e+01	 -3.21311e-02
  2.29400e+01	 -3.27158e-02
  2.29500e+01	 -3.40281e-02
  2.29600e+01	 -3.40862e-02
  2.29700e+01	 -3.46193e-02
  2.29800e+01	 -3.38366e-02
  2.29900e+01	 -3.27203e-02
  2.30000e+01	 -3.03219e-02
  2.30100e+01	 -2.83298e-02
  2.30200e+01	 -2.55533e-02
  2.30300e+01	 -2.21452e-02
  2.30400e+01	 -1.76376e-02
  2.30500e+01	 -1.20156e-02
  2.30600e+01	 -7.05507e-03
  2.30700e+01	 -3.98494e-03
  2.30800e+01	 -5.98076e-04
  2.30900e+01	  3.67493e-03
  2.31000e+01	  7.41421e-03
  2.31100e+01	  9.18943e-03
  2.31200e+01	  9.46322e-03
  2.31300e+01	  1.26623e-02
  2.31400e+01	  1.31367e-02
  2.31500e+01	  1.25384e-02
  2.31600e+01	  1.25283e-02
  2.31700e+01	  1.23920e-02
  2.31800e+01	  1.26402e-02
  2.31900e+01	  1.38166e-02
  2.32000e+01	  1.48158e-02
  2.32100e+01	  1.57257e-02
  2.32200e+01	  1.70191e-02
  2.32300e+01	  1.87511e-02
  2.32400e+01	  1.98845e-02
  2.32500e+01	  2.23939e-02
  2.32600e+01	  2.32605e-02
  2.32700e+01	  2.49869e-02
  2.32800e+01	  2.55659e-02
  2.32900e+01	  2.67070e-02
  2.33000e+01	  2.82283e-02
  2.33100e+01	  2.75006e-02
  2.33200e+01	  2.67076e-02
  2.33300e+01	  2.47362e-02
  2.33400e+01	  2.29012e-02
  2.33500e+01	  2.11156e-02
  2.33600e+01	  1.92405e-02
  2.33700e+01	  1.75769e-02
  2.33800e+01	  1.68150e-02
  2.33900e+01	  1.66724e-02
  2.34000e+01	  1.54514e-02
  2.34100e+01	  1.39592e-02
  2.34200e+01	  1.11600e-02
  2.34300e+01	  8.55178e-03
  2.34400e+01	  5.39517e-03
  2.34500e+01	  3.22870e-03
  2.34600e+01	 -2.97066e-04
  2.34700e+01	 -3.44455e-03
  2.34800e+01	 -4.93590e-03
  2.34900e+01	 -5.90437e-03
  2.35000e+01	 -8.49502e-03
  2.35100e+01	 -9.23600e-03
  2.35200e+01	 -1.05252e-02
  2.35300e+01	 -1.05517e-02
  2.35400e+01	 -1.13869e-02
  2.35500e+01	 -1.10616e-02
  2.35600e+01	 -9.75418e-03
  2.35700e+01	 -9.58401e-03
  2.35800e+01	 -9.56246e-03
  2.35900e+01	 -9.15332e-03
  2.36000e+01	 -9.03572e-03
  2.36100e+01	 -7.35552e-03
  2.36200e+01	 -6.04606e-03
  2.36300e+01	 -4.43911e-03
  2.36400e+01	 -4.16078e-03
  2.36500e+01	 -3.17913e-03
  2.36600e+01	 -1.74985e-03
  2.36700e+01	 -1.16294e-04
  2.36800e+01	  2.01934e-03
  2.36900e+01	  3.63170e-03
  2.37000e+01	  6.07637e-03
  2.37100e+01	  8.58626e-03
  2.37200e+01	  1.04562e-02
  2.37300e+01	  1.31888e-02
  2.37400e+01	  1.41108e-02
  2.37500e+01	  1.45055e-02
  2.37600e+01	  1.72373e-02
  2.37700e+01	  1.72608e-02
  2.37800e+01	  1.63215e-02
  2.37900e+01	  1.59054e-02
  2.38000e+01	  1.38060e-02
  2.38100e+01	  1.23003e-02
  2.38200e+01	  1.07573e-02
  2.38300e+01	  1.02689e-02
  2.38400e+01	  9.92313e-03
  2.38500e+01	  9.38024e-03
  2.38600e+01	  9.19724e-03
  2.38700e+01	  8.13932e-03
  2.38800e+01	  6.42515e-03
  2.38900e+01	  4.87580e-03
  2.39000e+01	  3.62200e-03
  2.39100e+01	  3.60656e-03
  2.39200e+01	  3.31597e-03
  2.39300e+01	  3.78177e-03
  2.39400e+01	  5.91312e-03
  2.39500e+01	  7.17559e-03
  2.39600e+01	  6.74419e-03
  2.39700e+01	  9.61295e-03
  2.39800e+01	  1.04661e-02
  2.39900e+01	  9.70764e-03
  2.40000e+01	  8.29550e-03
  2.40100e+01	  6.90434e-03
  2.40200e+01	  6.66110e-03
  2.40300e+01	  6.48971e-03
  2.40400e+01	  5.91372e-03
  2.40500e+01	  6.55540e-03
  2.40600e+01	  7.56587e-03
  2.40700e+01	  7.29691e-03
  2.40800e+01	  6.73130e-03
  2.40900e+01	  6.38016e-03
  2.41000e+01	  3.52077e-03
  2.41100e+01	  1.88353e-03
  2.41200e+01	 -7.04215e-04
  2.41300e+01	 -4.49503e-03
  2.41400e+01	 -8.56933e-03
  2.41500e+01	 -1.18389e-02
  2.41600e+01	 -1.66254e-02
  2.41700e+01	 -1.94357e-02
  2.41800e+01	 -2.13127e-02
  2.41900e+01	 -2.30743e-02
  2.42000e+01	 -2.27273e-02
  2.42100e+01	 -2.45307e-02
  2.42200e+01	 -2.53434e-02
  2.42300e+01	 -2.31821e-02
  2.42400e+01	 -2.25605e-02
  2.42500e+01	 -2.09634e-02
  2.42600e+01	 -1.95812e-02
  2.42700e+01	 -1.94275e-02
  2.42800e+01	 -1.80835e-02
  2.42900e+01	 -1.62745e-02
  2.43000e+01	 -1.60883e-02
  2.43100e+01	 -1.59335e-02
  2.43200e+01	 -1.50529e-02
  2.43300e+01	 -1.30377e-02
  2.43400e+01	 -1.25446e-02
  2.43500e+01	 -1.13800e-02
  2.43600e+01	 -9.77352e-03
  2.43700e+01	 -9.75770e-03
  2.43800e+01	 -9.45038e-03
  2.43900e+01	 -9.86751e-03
  2.44000e+01	 -1.11085e-02
  2.44100e+01	 -1.09922e-02
  2.44200e+01	 -1.05094e-02
  2.44300e+01	 -1.04170e-02
  2.44400e+01	 -9.64910e-03
  2.44500e+01	 -7.15895e-03
  2.44600e+01	 -5.46898e-03
  2.44700e+01	 -5.60545e-03
  2.44800e+01	 -5.34531e-03
  2.44900e+01	 -5.12364e-03
  2.45000e+01	 -4.91550e-03
  2.45100e+01	 -4.98307e-03
  2.45200e+01	 -4.68484e-03
  2.45300e+01	 -4.48876e-03
  2.45400e+01	 -1.41078e-03
  2.45500e+01	  5.50279e-04
  2.45600e+01	  1.87314e-03
  2.45700e+01	  4.81654e-03
  2.45800e+01	  6.03623e-03
  2.45900e+01	  7.11325e-03
  2.46000e+01	  7.84612e-03
  2.46100e+01	  7.06082e-03
  2.46200e+01	  5.40255e-03
  2.46300e+01	  4.27831e-03
  2.46400e+01	  2.91982e-03
  2.46500e+01	  2.78011e-03
  2.46600e+01	  1.00285e-03
  2.46700e+01	  3.04053e-04
  2.46800e+01	  4.64144e-04
  2.46900e+01	  1.47438e-03
  2.47000e+01	  2.61586e-03
  2.47100e+01	  2.37769e-03
  2.47200e+01	  2.54445e-03
  2.47300e+01	  4.84372e-03
  2.47400e+01	  6.43763e-03
  2.47500e+01	  7.24227e-03
  2.47600e+01	  9.46444e-03
  2.47700e+01	  1.00417e-02
  2.47800e+01	  9.93380e-03
  2.47900e+01	  1.13345e-02
  2.48000e+01	  1.12998e-02
  2.48100e+01	  1.07227e-02
  2.48200e+01	  1.04679e-02
  2.48300e+01	  1.02217e-02
  2.48400e+01	  9.95253e-03
  2.48500e+01	  8.99679e-03
  2.48600e+01	  7.21802e-03
  2.48700e+01	  5.77445e-03
  2.48800e+01	  3.01011e-03
  2.48900e+01	  1.93791e-03
  2.49000e+01	 -7.76662e-05
  2.49100e+01	 -2.06884e-03
  2.49200e+01	 -3.33324e-03
  2.49300e+01	 -4.36552e-03
  2.49400e+01	 -4.28410e-03
  2.49500e+01	 -4.13745e-03
  2.49600e+01	 -4.28591e-03
  2.49700e+01	 -4.10328e-03
  2.49800e+01	 -5.21289e-03
  2.49900e+01	 -6.29293e-03
  2.50000e+01	 -7.49171e-03
  2.50100e+01	 -8.46616e-03
  2.50200e+01	 -9.78477e-03
  2.50300e+01	 -9.87940e-03
  2.50400e+01	 -9.43575e-03
  2.50500e+01	 -9.35592e-03
  2.50600e+01	 -9.19456e-03
  2.50700e+01	 -8.55849e-03
  2.50800e+01	 -6.81594e-03
  2.50900e+01	 -6.44213e-03
  2.51000e+01	 -6.44058e-03
  2.51100e+01	 -4.68519e-03
  2.51200e+01	 -3.52092e-03
  2.51300e+01	 -1.59647e-03
  2.51400e+01	  3.48067e-04
  2.51500e+01	  1.36366e-03
  2.51600e+01	  3.75038e-03
  2.51700e+01	  4.63732e-03
  2.51800e+01	  5.79474e-03
  2.51900e+01	  6.89540e-03
  2.52000e+01	  8.02503e-03
  2.52100e+01	  6.78902e-03
  2.52200e+01	  3.76455e-03
  2.52300e+01	  3.25206e-03
  2.52400e+01	  2.26056e-03
  2.52500e+01	 -8.74662e-04
  2.52600e+01	 -2.39419e-03
  2.52700e+01	 -3.18638e-03
  2.52800e+01	 -3.40440e-03
  2.52900e+01	 -3.32246e-03
  2.53000e+01	 -2.80095e-03
  2.53100e+01	 -1.04937e-03
  2.53200e+01	 -1.12883e-03
  2.53300e+01	 -1.19694e-03
  2.53400e+01	 -9.35007e-04
  2.53500e+01	  8.69641e-04
  2.53600e+01	  1.03427e-03
  2.53700e+01	  1.77039e-03
  2.53800e+01	  2.91375e-03
  2.53900e+01	  2.91526e-03
  2.54000e+01	  2.83587e-03
  2.54100e+01	  4.76209e-03
  2.54200e+01	  3.88290e-03
  2.54300e+01	  2.10438e-03
  2.54400e+01	 -5.61482e-04
  2.54500e+01	 -2.67485e-03
  2.54600e+01	 -5.36231e-03
  2.54700e+01	 -6.83173e-03
  2.54800e+01	 -8.94587e-03
  2.54900e+01	 -1.03181e-02
  2.55000e+01	 -9.83247e-03
  2.55100e+01	 -9.59067e-03
  2.55200e+01	 -9.59428e-03
  2.55300e+01	 -8.43943e-03
  2.55400e+01	 -7.91844e-03
  2.55500e+01	 -9.01532e-03
  2.55600e+01	 -8.89705e-03
  2.55700e+01	 -1.00202e-02
  2.55800e+01	 -1.04021e-02
  2.55900e+01	 -9.81598e-03
  2.56000e+01	 -1.09397e-02
  2.56100e+01	 -1.16855e-02
  2.56200e+01	 -1.11569e-02
  2.56300e+01	 -1.08285e-02
  2.56400e+01	 -1.07288e-02
  2.56500e+01	 -9.20212e-03
  2.56600e+01	 -6.33525e-03
  2.56700e+01	 -3.70075e-03
  2.56800e+01	 -7.92123e-04
  2.56900e+01	  2.69782e-03
  2.57000e+01	  3.94642e-03
  2.57100e+01	  6.20344e-03
  2.57200e+01	  7.29204e-03
  2.57300e+01	  6.38851e-03
  2.57400e+01	  4.93077e-03
  2.57500e+01	  3.72655e-03
  2.57600e+01	  2.51530e-03
  2.57700e+01	  2.37790e-03
  2.57800e+01	  2.36095e-03
  2.57900e+01	  1.70982e-03
  2.58000e+01	  1.28613e-04
  2.58100e+01	 -3.42768e-05
  2.58200e+01	  3.03051e-04
  2.58300e+01	  1.56220e-03
  2.58400e+01	  2.31699e-03
  2.58500e+01	  2.55334e-03
  2.58600e+01	  5.06260e-03
  2.58700e+01	  6.41015e-03
  2.58800e+01	  5.99896e-03
  2.58900e+01	  5.85944e-03
  2.59000e+01	  5.87954e-03
  2.59100e+01	  5.81488e-03
  2.59200e+01	  5.56273e-03
  2.59300e+01	  6.61301e-03
  2.59400e+01	  7.62465e-03
  2.59500e+01	  8.70943e-03
  2.59600e+01	  1.02208e-02
  2.59700e+01	  1.28268e-02
  2.59800e+01	  1.38337e-02
  2.59900e+01	  1.55328e-02
  2.60000e+01	  1.51083e-02
  2.60100e+01	  1.50521e-02
  2.60200e+01	  1.63918e-02
  2.60300e+01	  1.69333e-02
  2.60400e+01	  1.66307e-02
  2.60500e+01	  1.58372e-02
  2.60600e+01	  1.58374e-02
  2.60700e+01	  1.46068e-02
  2.60800e+01	  1.21850e-02
  2.60900e+01	  8.83174e-03
  2.61000e+01	  7.65898e-03
  2.61100e+01	  4.44897e-03
  2.61200e+01	  1.47749e-03
  2.61300e+01	 -1.83996e-04
  2.61400e+01	 -3.12503e-03
  2.61500e+01	 -6.02736e-03
  2.61600e+01	 -5.62879e-03
  2.61700e+01	 -6.87848e-03
  2.61800e+01	 -5.83696e-03
  2.61900e+01	 -5.35495e-03
  2.62000e+01	 -4.40256e-03
  2.62100e+01	 -1.80926e-03
  2.62200e+01	  6.58509e-04
  2.62300e+01	  1.00244e-03
  2.62400e+01	  7.84727e-04
  2.62500e+01	  8.00791e-04
  2.62600e+01	  8.80676e-04
  2.62700e+01	  6.76014e-04
  2.62800e+01	  7.18419e-04
  2.62900e+01	 -1.44444e-05
  2.63000e+01	 -2.20308e-03
  2.63100e+01	 -4.96530e-03
  2.63200e+01	 -5.79286e-03
  2.63300e+01	 -7.20787e-03
  2.63400e+01	 -8.15587e-03
  2.63500e+01	 -1.01516e-02
  2.63600e+01	 -1.16133e-02
  2.63700e+01	 -1.25396e-02
  2.63800e+01	 -1.33258e-02
  2.63900e+01	 -1.45279e-02
  2.64000e+01	 -1.49495e-02
  2.64100e+01	 -1.44117e-02
  2.64200e+01	 -1.40838e-02
  2.64300e+01	 -1.38075e-02
  2.64400e+01	 -1.46448e-02
  2.64500e+01	 -1.68842e-02
  2.64600e+01	 -1.71033e-02
  2.64700e+01	 -1.59240e-02
  2.64800e+01	 -1.40239e-02
  2.64900e+01	 -1.35141e-02
  2.65000e+01	 -1.33725e-02
  2.65100e+01	 -1.13979e-02
  2.65200e+01	 -8.61839e-03
  2.65300e+01	 -7.94466e-03
  2.65400e+01	 -7.41615e-03
  2.65500e+01	 -4.65841e-03
  2.65600e+01	 -3.03908e-03
  2.65700e+01	 -1.85845e-03
  2.65800e+01	 -7.85787e-04
  2.65900e+01	 -8.59036e-04
  2.66000e+01	 -7.35978e-04
  2.66100e+01	 -7.62918e-04
  2.66200e+01	  4.47705e-04
  2.66300e+01	  1.69589e-03
  2.66400e+01	  1.59504e-03
  2.66500e+01	  1.79985e-03
  2.66600e+01	  3.98974e-03
  2.66700e+01	  6.37840e-03
  2.66800e+01	  8.70424e-03
  2.66900e+01	  9.69900e-03
  2.67000e+01	  9.53800e-03
  2.67100e+01	  1.03403e-02
  2.67200e+01	  1.01179e-02
  2.67300e+01	  9.65822e-03
  2.67400e+01	  8.93232e-03
  2.67500e+01	  6.27188e-03
  2.67600e+01	  4.72296e-03
  2.67700e+01	  4.77186e-03
  2.67800e+01	  3.00981e-03
  2.67900e+01	  2.08960e-03
  2.68000e+01	  1.56062e-03
  2.68100e+01	  1.77472e-03
  2.68200e+01	  4.29254e-03
  2.68300e+01	  4.08700e-03
  2.68400e+01	  3.74064e-03
  2.68500e+01	  3.79549e-03
  2.68600e+01	  3.68959e-03
  2.68700e+01	  5.12622e-03
  2.68800e+01	  7.75507e-03
  2.68900e+01	  7.33132e-03
  2.69000e+01	  8.56850e-03
  2.69100e+01	  9.55805e-03
  2.69200e+01	  1.06888e-02
  2.69300e+01	  1.13262e-02
  2.69400e+01	  1.34626e-02
  2.69500e+01	  1.43220e-02
  2.69600e+01	  1.49097e-02
  2.69700e+01	  1.36368e-02
  2.69800e+01	  1.25590e-02
  2.69900e+01	  1.25014e-02
  2.70000e+01	  1.20321e-02
  2.70100e+01	  1.02342e-02
  2.70200e+01	  7.13940e-03
  2.70300e+01	  4.94507e-03
  2.70400e+01	  3.85149e-03
  2.70500e+01	  1.47730e-03
  2.70600e+01	 -1.40506e-03
  2.70700e+01	 -2.46671e-03
  2.70800e+01	 -2.79731e-03
  2.70900e+01	 -6.06812e-03
  2.71000e+01	 -6.81969e-03
  2.71100e+01	 -8.09491e-03
  2.71200e+01	 -1.10157e-02
  2.71300e+01	 -1.06931e-02
  2.71400e+01	 -1.20728e-02
  2.71500e+01	 -1.41546e-02
  2.71600e+01	 -1.41463e-02
  2.71700e+01	 -1.34203e-02
  2.71800e+01	 -1.33623e-02
  2.71900e+01	 -1.15483e-02
  2.72000e+01	 -1.04300e-02
  2.72100e+01	 -9.99670e-03
  2.72200e+01	 -6.83615e-03
  2.72300e+01	 -3.45104e-03
  2.72400e+01	 -2.50382e-03
  2.72500e+01	 -8.91619e-05
  2.72600e+01	  7.51290e-04
  2.72700e+01	  8.93016e-04
  2.72800e+01	  3.09338e-03
  2.72900e+01	  4.77590e-03
  2.73000e+01	  3.16056e-03
  2.73100e+01	  2.08556e-03
  2.73200e+01	  1.88713e-03
  2.73300e+01	  4.66235e-04
  2.73400e+01	 -3.41475e-04
  2.73500e+01	  1.78004e-04
  2.73600e+01	 -2.55964e-03
  2.73700e+01	 -4.50881e-03
  2.73800e+01	 -5.53232e-03
  2.73900e+01	 -6.46034e-03
  2.74000e+01	 -7.74807e-03
  2.74100e+01	 -7.50190e-03
  2.74200e+01	 -8.51709e-03
  2.74300e+01	 -8.81675e-03
  2.74400e+01	 -7.02366e-03
  2.74500e+01	 -5.66120e-03
  2.74600e+01	 -4.42242e-03
  2.74700e+01	 -2.82160e-03
  2.74800e+01	 -2.01621e-04
  2.74900e+01	  1.78680e-03
  2.75000e+01	  2.41633e-03
  2.75100e+01	  4.49619e-03
  2.75200e+01	  6.84345e-03
  2.75300e+01	  7.66136e-03
  2.75400e+01	  9.12727e-03
  2.75500e+01	  1.19227e-02
  2.75600e+01	  1.14079e-02
  2.75700e+01	  1.17698e-02
  2.75800e+01	  1.16873e-02
  2.75900e+01	  1.08733e-02
  2.76000e+01	  9.23813e-03
  2.76100e+01	  7.71005e-03
  2.76200e+01	  6.55842e-03
  2.76300e+01	  3.97825e-03
  2.76400e+01	  1.84346e-03
  2.76500e+01	  1.41157e-03
  2.76600e+01	 -1.34750e-03
  2.76700e+01	 -2.83844e-03
  2.76800e+01	 -4.54868e-03
  2.76900e+01	 -5.62610e-03
  2.77000e+01	 -5.16467e-03
  2.77100e+01	 -4.78367e-03
  2.77200e+01	 -3.42646e-03
  2.77300e+01	 -2.39781e-03
  2.77400e+01	 -1.19405e-03
  2.77500e+01	 -1.23226e-03
  2.77600e+01	 -1.46547e-03
  2.77700e+01	 -2.67031e-03
  2.77800e+01	 -3.46897e-03
  2.77900e+01	 -4.33471e-03
  2.78000e+01	 -4.13586e-03
  2.78100e+01	 -2.87653e-03
  2.78200e+01	 -1.76844e-03
  2.78300e+01	 -7.60036e-04
  2.78400e+01	  1.14038e-03
  2.78500e+01	  3.00979e-03
  2.78600e+01	  4.14304e-03
  2.78700e+01	  5.94096e-03
  2.78800e+01	  7.32429e-03
  2.78900e+01	  7.73464e-03
  2.79000e+01	  7.83183e-03
  2.79100e+01	  5.55488e-03
  2.79200e+01	  4.43036e-03
  2.79300e+01	  3.07233e-03
  2.79400e+01	  6.73289e-04
  2.79500e+01	 -5.63434e-04
  2.79600e+01	 -1.42172e-03
  2.79700e+01	 -3.22512e-03
  2.79800e+01	 -3.92759e-03
  2.79900e+01	 -3.10108e-03
  2.80000e+01	 -2.06765e-03
  2.80100e+01	 -9.76967e-04
  2.80200e+01	 -2.55509e-04
  2.80300e+01	  1.84223e-03
  2.80400e+01	  3.16789e-03
  2.80500e+01	  3.80086e-03
  2.80600e+01	  4.50848e-03
  2.80700e+01	  5.21611e-03
  2.80800e+01	  5.01010e-03
  2.80900e+01	  4.57909e-03
  2.81000e+01	  4.25603e-03
  2.81100e+01	  2.88251e-03
  2.81200e+01	  2.71020e-03
  2.81300e+01	  1.02084e-03
  2.81400e+01	 -7.87930e-04
  2.81500e+01	 -6.86882e-04
  2.81600e+01	 -1.67172e-03
  2.81700e+01	 -2.01756e-03
  2.81800e+01	 -2.44234e-03
  2.81900e+01	 -3.30755e-03
  2.82000e+01	 -3.06155e-03
  2.82100e+01	 -2.98832e-03
  2.82200e+01	 -2.79917e-03
  2.82300e+01	 -3.89951e-03
  2.82400e+01	 -4.69541e-03
  2.82500e+01	 -3.67838e-03
  2.82600e+01	 -3.41890e-03
  2.82700e+01	 -2.32695e-03
  2.82800e+01	 -2.44411e-03
  2.82900e+01	 -2.67899e-03
  2.83000e+01	 -3.08567e-03
  2.83100e+01	 -4.21402e-03
  2.83200e+01	 -3.80663e-03
  2.83300e+01	 -3.61143e-03
  2.83400e+01	 -3.36708e-03
  2.83500e+01	 -3.27528e-03
  2.83600e+01	 -2.33863e-03
  2.83700e+01	 -1.50794e-03
  2.83800e+01	  3.81424e-04
  2.83900e+01	  2.29364e-03
  2.84000e+01	  2.93712e-03
  2.84100e+01	  3.87246e-03
  2.84200e+01	  5.74189e-03
  2.84300e+01	  6.80116e-03
  2.84400e+01	  7.60119e-03
  2.84500e+01	  8.82640e-03
  2.84600e+01	  1.00600e-02
  2.84700e+01	  1.01242e-02
  2.84800e+01	  1.00480e-02
  2.84900e+01	  9.60003e-03
  2.85000e+01	  8.94364e-03
  2.85100e+01	  8.42510e-03
  2.85200e+01	  7.82333e-03
  2.85300e+01	  7.31977e-03
  2.85400e+01	  6.75066e-03
  2.85500e+01	  6.25733e-03
  2.85600e+01	  5.70166e-03
  2.85700e+01	  5.27775e-03
  2.85800e+01	  4.69730e-03
  2.85900e+01	  4.97903e-03
  2.86000e+01	  5.63903e-03
  2.86100e+01	  4.45528e-03
  2.86200e+01	  2.88089e-03
  2.86300e+01	  2.16306e-03
  2.86400e+01	  1.29565e-03
  2.86500e+01	  3.16917e-05
  2.86600e+01	 -1.66067e-03
  2.86700e+01	 -2.76758e-03
  2.86800e+01	 -3.72658e-03
  2.86900e+01	 -4.74229e-03
  2.87000e+01	 -5.58268e-03
  2.87100e+01	 -6.37410e-03
  2.87200e+01	 -6.59486e-03
  2.87300e+01	 -6.31704e-03
  2.87400e+01	 -6.15012e-03
  2.87500e+01	 -5.95475e-03
  2.87600e+01	 -5.74030e-03
  2.87700e+01	 -5.16970e-03
  2.87800e+01	 -4.21698e-03
  2.87900e+01	 -3.37209e-03
  2.88000e+01	 -2.98608e-03
  2.88100e+01	 -2.03405e-03
  2.88200e+01	 -1.44235e-03
  2.88300e+01	 -5.43078e-04
  2.88400e+01	 -2.45325e-04
  2.88500e+01	 -1.35232e-04
  2.88600e+01	 -1.09461e-04
  2.88700e+01	 -7.56383e-04
  2.88800e+01	 -1.11663e-03
  2.88900e+01	 -2.04320e-03
  2.89000e+01	 -3.30779e-03
  2.89100e+01	 -4.33224e-03
  2.89200e+01	 -4.52500e-03
  2.89300e+01	 -5.26935e-03
  2.89400e+01	 -5.98467e-03
  2.89500e+01	 -6.08180e-03
  2.89600e+01	 -6.20164e-03
  2.89700e+01	 -6.30215e-03
  2.89800e+01	 -6.33960e-03
  2.89900e+01	 -6.31654e-03
  2.90000e+01	 -6.08168e-03
  2.90100e+01	 -5.57793e-03
  2.90200e+01	 -5.36998e-03
  2.90300e+01	 -5.28749e-03
  2.90400e+01	 -4.78912e-03
  2.90500e+01	 -4.52225e-03
  2.90600e+01	 -4.46714e-03
  2.90700e+01	 -3.74248e-03
  2.90800e+01	 -3.08890e-03
  2.90900e+01	 -2.47650e-03
  2.91000e+01	 -1.84387e-03
  2.91100e+01	 -1.38930e-03
  2.91200e+01	 -8.01923e-04
  2.91300e+01	 -2.42868e-04
  2.91400e+01	  2.41027e-04
  2.91500e+01	  6.47482e-04
  2.91600e+01	  1.08409e-03
  2.91700e+01	  1.49773e-03
  2.91800e+01	  1.54722e-03
  2.91900e+01	  1.81977e-03
  2.92000e+01	  2.15614e-03
  2.92100e+01	  2.25835e-03
  2.92200e+01	  2.27544e-03
  2.92300e+01	  2.45237e-03
  2.92400e+01	  2.56946e-03
  2.92500e+01	  2.43684e-03
  2.92600e+01	  2.43091e-03
  2.92700e+01	  2.37052e-03
  2.92800e+01	  2.27273e-03
  2.92900e+01	  2.23685e-03
  2.93000e+01	  2.05609e-03
  2.93100e+01	  1.88753e-03
  2.93200e+01	  1.79759e-03
  2.93300e+01	  1.71144e-03
  2.93400e+01	  1.57074e-03
  2.93500e+01	  1.47217e-03
  2.93600e+01	  1.39556e-03
  2.93700e+01	  1.27958e-03
  2.93800e+01	  1.21790e-03
  2.93900e+01	  1.12990e-03
  2.94000e+01	  1.02616e-03
  2.94100e+01	  9.39392e-04
  2.94200e+01	  8.70322e-04
  2.94300e+01	  8.28288e-04
  2.94400e+01	  7.88483e-04
  2.94500e+01	  7.46490e-04
  2.94600e+01	  7.26031e-04
  2.94700e+01	  7.07695e-04
  2.94800e+01	  6.65005e-04
  2.94900e+01	  6.45063e-04
  2.95000e+01	  6.13397e-04
  2.95100e+01	  5.62840e-04
  2.95200e+01	  5.21473e-04
  2.95300e+01	  4.79494e-04
  2.95400e+01	  4.40791e-04
  2.95500e+01	  4.00508e-04
  2.95600e+01	  3.70703e-04
  2.95700e+01	  3.46242e-04
  2.95800e+01	  3.11245e-04
  2.95900e+01	  2.82763e-04
  2.96000e+01	  2.64257e-04
  2.96100e+01	  2.32301e-04
  2.96200e+01	  2.03363e-04
  2.96300e+01	  1.74432e-04
  2.96400e+01	  1.42221e-04
  2.96500e+01	  1.10959e-04
  2.96600e+01	  8.60981e-05
  2.96700e+01	  5.79981e-05
  2.96800e+01	  3.35879e-05
  2.96900e+01	  1.06062e-05
  2.97000e+01	 -9.56895e-06
  2.97100e+01	 -2.87785e-05
  2.97200e+01	 -4.56673e-05
  2.97300e+01	 -6.19828e-05
  2.97400e+01	 -7.40248e-05
  2.97500e+01	 -8.65160e-05
  2.97600e+01	 -9.63162e-05
  2.97700e+01	 -1.03924e-04
  2.97800e+01	 -1.11460e-04
  2.97900e+01	 -1.17938e-04
  2.98000e+01	 -1.22083e-04
  2.98100e+01	 -1.25671e-04
  2.98200e+01	 -1.28451e-04
  2.98300e+01	 -1.30402e-04
  2.98400e+01	 -1.31161e-04
  2.98500e+01	 -1.31244e-04
  2.98600e+01	 -1.30317e-04
  2.98700e+01	 -1.28679e-04
  2.98800e+01	 -1.26217e-04
  2.98900e+01	 -1.23217e-04
  2.99000e+01	 -1.19436e-04
  2.99100e+01	 -1.15088e-04
  2.99200e+01	 -1.10121e-04
  2.99300e+01	 -1.04649e-04
  2.99400e+01	 -9.86185e-05
  2.99500e+01	 -9.21240e-05
  2.99600e+01	 -8.51634e-05
  2.99700e+01	 -7.77910e-05
  2.99800e+01	 -7.00239e-05
  2.99900e+01	 -6.18935e-05
