  1.00000e-02	  7.67534e-05
  2.00000e-02	 -7.07411e-05
  3.00000e-02	  7.70447e-05
  4.00000e-02	 -7.18170e-05
  5.00000e-02	  8.06618e-05
  6.00000e-02	 -6.22081e-05
  7.00000e-02	  9.22514e-05
  8.00000e-02	 -5.80196e-05
  9.00000e-02	  9.77937e-05
  1.00000e-01	 -5.19994e-05
  1.10000e-01	  1.06566e-04
  1.20000e-01	 -4.59708e-05
  1.30000e-01	  1.15699e-04
  1.40000e-01	 -4.13788e-05
  1.50000e-01	  1.16474e-04
  1.60000e-01	 -1.19446e-04
  1.70000e-01	  9.01669e-05
  1.80000e-01	  2.53093e-05
  1.90000e-01	  2.26348e-04
  2.00000e-01	  8.37676e-05
  2.10000e-01	  2.42459e-04
  2.20000e-01	  2.16128e-05
  2.30000e-01	  1.34098e-04
  2.40000e-01	 -8.84805e-06
  2.50000e-01	  1.46480e-04
  2.60000e-01	 -1.15094e-05
  2.70000e-01	  1.95270e-05
  2.80000e-01	 -3.61852e-04
  2.90000e-01	 -2.62656e-04
  3.00000e-01	 -4.08000e-04
  3.10000e-01	 -1.62347e-04
  3.20000e-01	 -2.75147e-05
  3.30000e-01	  2.69509e-04
  3.40000e-01	  3.03694e-05
  3.50000e-01	 -1.59668e-04
  3.60000e-01	 -1.05791e-03
  3.70000e-01	 -1.37925e-03
  3.80000e-01	 -8.83265e-04
  3.90000e-01	  6.71108e-04
  4.00000e-01	  1.60154e-03
  4.10000e-01	  1.77058e-03
  4.20000e-01	  7.42434e-04
  4.30000e-01	  6.70997e-04
  4.40000e-01	  3.23076e-04
  4.50000e-01	  8.79437e-04
  4.60000e-01	  1.55396e-03
  4.70000e-01	  2.03237e-03
  4.80000e-01	  1.32700e-03
  4.90000e-01	  7.65544e-04
  5.00000e-01	 -3.66459e-04
  5.10000e-01	 -1.54354e-03
  5.20000e-01	 -1.95850e-03
  5.30000e-01	 -1.07257e-03
  5.40000e-01	 -2.00025e-04
  5.50000e-01	  7.52918e-04
  5.60000e-01	  1.16255e-04
  5.70000e-01	 -1.59995e-03
  5.80000e-01	 -3.01595e-03
  5.90000e-01	 -2.54004e-03
  6.00000e-01	 -1.36769e-03
  6.10000e-01	  2.02555e-03
  6.20000e-01	  5.13428e-03
  6.30000e-01	  6.93677e-03
  6.40000e-01	  7.06096e-03
  6.50000e-01	  5.63519e-03
  6.60000e-01	  1.73454e-03
  6.70000e-01	 -1.12076e-03
  6.80000e-01	 -8.69166e-03
  6.90000e-01	 -1.27155e-02
  7.00000e-01	 -9.57227e-03
  7.10000e-01	 -3.71324e-03
  7.20000e-01	 -1.31144e-03
  7.30000e-01	  2.01420e-04
  7.40000e-01	  2.30626e-03
  7.50000e-01	  2.81320e-03
  7.60000e-01	  6.41467e-04
  7.70000e-01	 -5.62103e-03
  7.80000e-01	 -9.35143e-03
  7.90000e-01	 -6.89644e-03
  8.00000e-01	 -2.42369e-04
  8.10000e-01	  4.73971e-03
  8.20000e-01	  5.54211e-03
  8.30000e-01	  4.21047e-03
  8.40000e-01	  2.94822e-03
  8.50000e-01	  6.18003e-03
  8.60000e-01	  1.00538e-02
  8.70000e-01	  1.34685e-02
  8.80000e-01	  1.45974e-02
  8.90000e-01	  1.25813e-02
  9.00000e-01	  6.55080e-03
  9.10000e-01	 -2.40271e-03
  9.20000e-01	 -1.52233e-02
  9.30000e-01	 -2.61822e-02
  9.40000e-01	 -2.69701e-02
  9.50000e-01	 -1.04123e-02
  9.60000e-01	  8.85375e-03
  9.70000e-01	  1.77413e-02
  9.80000e-01	  5.47857e-03
  9.90000e-01	 -1.20272e-02
  1.00000e+00	 -2.55796e-02
  1.01000e+00	 -2.11024e-02
  1.02000e+00	 -1.46981e-03
  1.03000e+00	  1.75749e-02
  1.04000e+00	  2.49944e-02
  1.05000e+00	  2.45433e-02
  1.06000e+00	  2.38711e-02
  1.07000e+00	  1.82111e-02
  1.08000e+00	  7.38484e-03
  1.09000e+00	  6.42515e-04
  1.10000e+00	 -4.82708e-04
  1.11000e+00	  2.39025e-03
  1.12000e+00	  2.05119e-03
  1.13000e+00	 -4.07222e-03
  1.14000e+00	 -1.11454e-02
  1.15000e+00	 -1.13738e-02
  1.16000e+00	 -6.90887e-03
  1.17000e+00	 -3.88053e-03
  1.18000e+00	 -3.24667e-03
  1.19000e+00	 -6.18477e-03
  1.20000e+00	 -1.13308e-02
  1.21000e+00	 -2.08077e-02
  1.22000e+00	 -2.87285e-02
  1.23000e+00	 -3.12890e-02
  1.24000e+00	 -3.12689e-02
  1.25000e+00	 -2.29923e-02
  1.26000e+00	 -6.81332e-03
  1.27000e+00	  9.83140e-03
  1.28000e+00	  1.39151e-02
  1.29000e+00	  8.18707e-03
  1.30000e+00	  9.13574e-04
  1.31000e+00	 -1.72107e-03
  1.32000e+00	  6.91211e-03
  1.33000e+00	  2.81919e-02
  1.34000e+00	  3.35796e-02
  1.35000e+00	  2.49473e-02
  1.36000e+00	  1.70434e-02
  1.37000e+00	  1.38829e-02
  1.38000e+00	  1.36939e-02
  1.39000e+00	  1.38938e-02
  1.40000e+00	  1.20016e-02
  1.41000e+00	  4.11979e-03
  1.42000e+00	 -5.16392e-03
  1.43000e+00	 -7.66117e-03
  1.44000e+00	 -8.12087e-03
  1.45000e+00	 -9.78523e-03
  1.46000e+00	 -1.22300e-02
  1.47000e+00	 -1.56602e-02
  1.48000e+00	 -1.82349e-02
  1.49000e+00	 -1.55775e-02
  1.50000e+00	 -6.73702e-03
  1.51000e+00	 -7.84619e-05
  1.52000e+00	  1.24959e-04
  1.53000e+00	 -3.91776e-05
  1.54000e+00	  2.54007e-03
  1.55000e+00	  1.07537e-02
  1.56000e+00	  2.08584e-02
  1.57000e+00	  2.72337e-02
  1.58000e+00	  2.51147e-02
  1.59000e+00	  1.65533e-02
  1.60000e+00	  1.02090e-02
  1.61000e+00	  5.65281e-03
  1.62000e+00	 -7.15107e-03
  1.63000e+00	 -2.04221e-02
  1.64000e+00	 -2.45261e-02
  1.65000e+00	 -2.47229e-02
  1.66000e+00	 -2.14060e-02
  1.67000e+00	 -1.83583e-02
  1.68000e+00	 -1.48124e-02
  1.69000e+00	 -8.91166e-03
  1.70000e+00	 -4.13334e-03
  1.71000e+00	 -3.89714e-03
  1.72000e+00	 -9.24859e-03
  1.73000e+00	 -1.89858e-02
  1.74000e+00	 -2.02651e-02
  1.75000e+00	 -1.56023e-02
  1.76000e+00	 -1.40387e-02
  1.77000e+00	 -9.32270e-03
  1.78000e+00	  2.20528e-03
  1.79000e+00	  1.09057e-02
  1.80000e+00	  1.91428e-02
  1.81000e+00	  2.90125e-02
  1.82000e+00	  3.19445e-02
  1.83000e+00	  2.92642e-02
  1.84000e+00	  2.47711e-02
  1.85000e+00	  2.09203e-02
  1.86000e+00	  1.87753e-02
  1.87000e+00	  1.97292e-02
  1.88000e+00	  1.93944e-02
  1.89000e+00	  1.82698e-02
  1.90000e+00	  7.19266e-03
  1.91000e+00	 -3.77149e-03
  1.92000e+00	 -6.49440e-03
  1.93000e+00	 -1.05480e-02
  1.94000e+00	 -1.64639e-02
  1.95000e+00	 -1.91656e-02
  1.96000e+00	 -1.98411e-02
  1.97000e+00	 -1.54941e-02
  1.98000e+00	 -1.19772e-02
  1.99000e+00	 -9.11008e-03
  2.00000e+00	 -4.86348e-03
  2.01000e+00	  1.39165e-03
  2.02000e+00	  9.77993e-03
  2.03000e+00	  1.44042e-02
  2.04000e+00	  1.45631e-02
  2.05000e+00	  1.44377e-02
  2.06000e+00	  1.13654e-02
  2.07000e+00	  9.87725e-03
  2.08000e+00	  6.97091e-03
  2.09000e+00	  1.48012e-03
  2.10000e+00	 -3.06870e-03
  2.11000e+00	 -6.60487e-03
  2.12000e+00	 -1.02813e-02
  2.13000e+00	 -1.21063e-02
  2.14000e+00	 -1.29261e-02
  2.15000e+00	 -1.37340e-02
  2.16000e+00	 -1.45604e-02
  2.17000e+00	 -1.89389e-02
  2.18000e+00	 -2.69094e-02
  2.19000e+00	 -3.07993e-02
  2.20000e+00	 -2.87996e-02
  2.21000e+00	 -1.94848e-02
  2.22000e+00	 -3.38898e-03
  2.23000e+00	  7.12955e-03
  2.24000e+00	  8.95268e-03
  2.25000e+00	  7.25779e-03
  2.26000e+00	  2.80203e-03
  2.27000e+00	  1.96351e-04
  2.28000e+00	 -3.49555e-03
  2.29000e+00	 -6.95178e-03
  2.30000e+00	 -5.98949e-03
  2.31000e+00	 -1.42656e-03
  2.32000e+00	  1.78494e-02
  2.33000e+00	  3.40154e-02
  2.34000e+00	  3.32249e-02
  2.35000e+00	  2.88803e-02
  2.36000e+00	  2.25062e-02
  2.37000e+00	  1.59373e-02
  2.38000e+00	  1.07490e-02
  2.39000e+00	  5.97577e-03
  2.40000e+00	 -3.23076e-03
  2.41000e+00	 -1.28607e-02
  2.42000e+00	 -1.76526e-02
  2.43000e+00	 -1.66037e-02
  2.44000e+00	 -1.01012e-02
  2.45000e+00	 -1.90904e-03
  2.46000e+00	  1.14719e-03
  2.47000e+00	  9.89036e-04
  2.48000e+00	 -2.36474e-03
  2.49000e+00	 -3.25046e-03
  2.50000e+00	 -6.06052e-05
  2.51000e+00	  7.50371e-03
  2.52000e+00	  1.04526e-02
  2.53000e+00	  1.28534e-02
  2.54000e+00	  1.31983e-02
  2.55000e+00	  1.73587e-02
  2.56000e+00	  1.41425e-02
  2.57000e+00	  2.75266e-03
  2.58000e+00	 -2.26348e-03
  2.59000e+00	 -4.24312e-03
  2.60000e+00	 -1.98965e-02
  2.61000e+00	 -4.00274e-02
  2.62000e+00	 -5.63914e-02
  2.63000e+00	 -7.32077e-02
  2.64000e+00	 -7.66313e-02
  2.65000e+00	 -6.49742e-02
  2.66000e+00	 -3.58406e-02
  2.67000e+00	 -1.99074e-03
  2.68000e+00	  2.79596e-02
  2.69000e+00	  4.49802e-02
  2.70000e+00	  3.84558e-02
  2.71000e+00	  3.23393e-02
  2.72000e+00	  2.35949e-02
  2.73000e+00	  1.34979e-02
  2.74000e+00	  1.01196e-02
  2.75000e+00	  1.62923e-02
  2.76000e+00	  1.95271e-02
  2.77000e+00	  1.94736e-02
  2.78000e+00	  1.50979e-02
  2.79000e+00	  1.72812e-02
  2.80000e+00	  2.34957e-02
  2.81000e+00	  3.00841e-02
  2.82000e+00	  2.88753e-02
  2.83000e+00	  2.60807e-02
  2.84000e+00	  1.68519e-02
  2.85000e+00	  9.41344e-03
  2.86000e+00	  7.72228e-03
  2.87000e+00	  1.10248e-02
  2.88000e+00	  1.07909e-02
  2.89000e+00	 -1.52220e-04
  2.90000e+00	 -1.17435e-02
  2.91000e+00	 -9.09661e-03
  2.92000e+00	 -8.12818e-03
  2.93000e+00	 -6.70050e-03
  2.94000e+00	 -1.97953e-02
  2.95000e+00	 -3.96656e-02
  2.96000e+00	 -5.40997e-02
  2.97000e+00	 -4.99669e-02
  2.98000e+00	 -4.49031e-02
  2.99000e+00	 -4.29656e-02
  3.00000e+00	 -4.10540e-02
  3.01000e+00	 -3.84065e-02
  3.02000e+00	 -2.50654e-02
  3.03000e+00	  1.35619e-02
  3.04000e+00	  5.07537e-02
  3.05000e+00	  8.57886e-02
  3.06000e+00	  1.21901e-01
  3.07000e+00	  1.52062e-01
  3.08000e+00	  1.48463e-01
  3.09000e+00	  1.38282e-01
  3.10000e+00	  1.16017e-01
  3.11000e+00	  7.36700e-02
  3.12000e+00	  3.20684e-02
  3.13000e+00	 -5.66578e-03
  3.14000e+00	 -2.79061e-02
  3.15000e+00	 -2.54453e-02
  3.16000e+00	 -5.10934e-03
  3.17000e+00	  2.70664e-02
  3.18000e+00	  5.51881e-02
  3.19000e+00	  7.55295e-02
  3.20000e+00	  6.81023e-02
  3.21000e+00	  4.94012e-02
  3.22000e+00	  2.69276e-02
  3.23000e+00	  1.08474e-02
  3.24000e+00	 -6.89670e-03
  3.25000e+00	 -2.02378e-02
  3.26000e+00	 -3.03819e-02
  3.27000e+00	 -3.55166e-02
  3.28000e+00	 -3.61944e-02
  3.29000e+00	 -2.41842e-02
  3.30000e+00	 -1.85795e-02
  3.31000e+00	 -2.43049e-02
  3.32000e+00	 -4.30166e-02
  3.33000e+00	 -8.81813e-02
  3.34000e+00	 -1.43001e-01
  3.35000e+00	 -1.96102e-01
  3.36000e+00	 -2.20781e-01
  3.37000e+00	 -1.96962e-01
  3.38000e+00	 -1.83291e-01
  3.39000e+00	 -1.55968e-01
  3.40000e+00	 -8.52993e-02
  3.41000e+00	 -1.57234e-03
  3.42000e+00	  6.11004e-02
  3.43000e+00	  1.14748e-01
  3.44000e+00	  1.40479e-01
  3.45000e+00	  1.09777e-01
  3.46000e+00	  7.17605e-02
  3.47000e+00	  9.24531e-02
  3.48000e+00	  8.42767e-02
  3.49000e+00	  2.24656e-02
  3.50000e+00	 -7.80820e-02
  3.51000e+00	 -1.58144e-01
  3.52000e+00	 -2.53268e-01
  3.53000e+00	 -2.35149e-01
  3.54000e+00	 -1.98291e-01
  3.55000e+00	 -1.04983e-01
  3.56000e+00	  5.05722e-02
  3.57000e+00	  1.15316e-01
  3.58000e+00	  1.52675e-01
  3.59000e+00	  3.44874e-01
  3.60000e+00	  3.71180e-01
  3.61000e+00	  2.88247e-01
  3.62000e+00	  2.46146e-01
  3.63000e+00	  2.52607e-01
  3.64000e+00	  2.95171e-01
  3.65000e+00	  2.72249e-01
  3.66000e+00	  1.80136e-01
  3.67000e+00	  8.50292e-02
  3.68000e+00	  2.63472e-04
  3.69000e+00	 -4.44712e-02
  3.70000e+00	 -6.86044e-02
  3.71000e+00	 -1.18885e-01
  3.72000e+00	 -1.37903e-01
  3.73000e+00	 -1.24088e-01
  3.74000e+00	 -1.72613e-01
  3.75000e+00	 -2.56578e-01
  3.76000e+00	 -3.21082e-01
  3.77000e+00	 -3.81255e-01
  3.78000e+00	 -4.45863e-01
  3.79000e+00	 -4.79856e-01
  3.80000e+00	 -4.61549e-01
  3.81000e+00	 -4.37653e-01
  3.82000e+00	 -4.07609e-01
  3.83000e+00	 -2.84556e-01
  3.84000e+00	 -1.28986e-01
  3.85000e+00	 -4.68358e-03
  3.86000e+00	  3.19528e-02
  3.87000e+00	  2.43545e-02
  3.88000e+00	  2.57811e-02
  3.89000e+00	  2.20141e-02
  3.90000e+00	  1.89715e-02
  3.91000e+00	  1.58655e-02
  3.92000e+00	  2.20567e-02
  3.93000e+00	  3.56138e-02
  3.94000e+00	  6.32384e-02
  3.95000e+00	  7.81568e-02
  3.96000e+00	  7.24981e-02
  3.97000e+00	  4.49564e-02
  3.98000e+00	  3.26375e-02
  3.99000e+00	  3.52557e-02
  4.00000e+00	  6.44706e-02
  4.01000e+00	  1.20279e-01
  4.02000e+00	  1.73816e-01
  4.03000e+00	  2.23188e-01
  4.04000e+00	  2.73295e-01
  4.05000e+00	  3.15041e-01
  4.06000e+00	  3.30782e-01
  4.07000e+00	  3.20922e-01
  4.08000e+00	  3.03659e-01
  4.09000e+00	  2.93072e-01
  4.10000e+00	  2.64633e-01
  4.11000e+00	  2.07690e-01
  4.12000e+00	  1.45086e-01
  4.13000e+00	  1.20962e-01
  4.14000e+00	  1.23827e-01
  4.15000e+00	  1.50745e-01
  4.16000e+00	  1.81787e-01
  4.17000e+00	  1.86424e-01
  4.18000e+00	  1.83674e-01
  4.19000e+00	  1.81378e-01
  4.20000e+00	  1.34157e-01
  4.21000e+00	  6.38304e-02
  4.22000e+00	 -4.22242e-05
  4.23000e+00	 -3.75937e-02
  4.24000e+00	 -5.13162e-02
  4.25000e+00	 -7.35246e-02
  4.26000e+00	 -1.38436e-01
  4.27000e+00	 -2.13557e-01
  4.28000e+00	 -2.78919e-01
  4.29000e+00	 -3.43683e-01
  4.30000e+00	 -4.08334e-01
  4.31000e+00	 -4.42415e-01
  4.32000e+00	 -4.27354e-01
  4.33000e+00	 -4.03985e-01
  4.34000e+00	 -3.75964e-01
  4.35000e+00	 -3.53623e-01
  4.36000e+00	 -3.35401e-01
  4.37000e+00	 -3.16740e-01
  4.38000e+00	 -3.01046e-01
  4.39000e+00	 -2.89147e-01
  4.40000e+00	 -2.81505e-01
  4.41000e+00	 -2.72522e-01
  4.42000e+00	 -2.57812e-01
  4.43000e+00	 -2.13986e-01
  4.44000e+00	 -1.50446e-01
  4.45000e+00	 -9.50493e-02
  4.46000e+00	 -5.55535e-02
  4.47000e+00	 -1.42443e-02
  4.48000e+00	  4.83419e-02
  4.49000e+00	  1.41376e-01
  4.50000e+00	  2.29390e-01
  4.51000e+00	  3.08838e-01
  4.52000e+00	  3.93139e-01
  4.53000e+00	  4.50239e-01
  4.54000e+00	  4.87732e-01
  4.55000e+00	  5.16457e-01
  4.56000e+00	  4.94076e-01
  4.57000e+00	  4.65556e-01
  4.58000e+00	  4.51880e-01
  4.59000e+00	  4.33744e-01
  4.60000e+00	  4.06088e-01
  4.61000e+00	  3.87814e-01
  4.62000e+00	  4.08320e-01
  4.63000e+00	  3.90900e-01
  4.64000e+00	  3.17007e-01
  4.65000e+00	  2.49097e-01
  4.66000e+00	  1.91433e-01
  4.67000e+00	  1.41804e-01
  4.68000e+00	  9.59413e-02
  4.69000e+00	  8.17158e-02
  4.70000e+00	  8.55833e-02
  4.71000e+00	  8.10453e-02
  4.72000e+00	  7.19827e-02
  4.73000e+00	  6.31534e-02
  4.74000e+00	  5.80928e-02
  4.75000e+00	  5.01116e-02
  4.76000e+00	  1.58153e-02
  4.77000e+00	 -2.55832e-02
  4.78000e+00	 -6.15127e-02
  4.79000e+00	 -9.64348e-02
  4.80000e+00	 -1.29781e-01
  4.81000e+00	 -1.50858e-01
  4.82000e+00	 -1.48646e-01
  4.83000e+00	 -1.44784e-01
  4.84000e+00	 -1.44443e-01
  4.85000e+00	 -1.54508e-01
  4.86000e+00	 -2.03438e-01
  4.87000e+00	 -2.59066e-01
  4.88000e+00	 -3.07728e-01
  4.89000e+00	 -3.56187e-01
  4.90000e+00	 -4.03577e-01
  4.91000e+00	 -4.46389e-01
  4.92000e+00	 -4.57511e-01
  4.93000e+00	 -4.38789e-01
  4.94000e+00	 -4.27798e-01
  4.95000e+00	 -4.06290e-01
  4.96000e+00	 -3.90552e-01
  4.97000e+00	 -2.96757e-01
  4.98000e+00	 -1.49893e-01
  4.99000e+00	 -1.84846e-02
  5.00000e+00	  2.79809e-02
  5.01000e+00	  4.68497e-02
  5.02000e+00	  8.21172e-02
  5.03000e+00	  9.04674e-02
  5.04000e+00	  8.77624e-02
  5.05000e+00	  8.19596e-02
  5.06000e+00	  7.32314e-02
  5.07000e+00	  7.54845e-02
  5.08000e+00	  1.07471e-01
  5.09000e+00	  1.82692e-01
  5.10000e+00	  2.64121e-01
  5.11000e+00	  3.24052e-01
  5.12000e+00	  3.72124e-01
  5.13000e+00	  4.15841e-01
  5.14000e+00	  4.23882e-01
  5.15000e+00	  4.05209e-01
  5.16000e+00	  3.88137e-01
  5.17000e+00	  3.59228e-01
  5.18000e+00	  3.23447e-01
  5.19000e+00	  2.77280e-01
  5.20000e+00	  2.33025e-01
  5.21000e+00	  2.00923e-01
  5.22000e+00	  1.69135e-01
  5.23000e+00	  1.26445e-01
  5.24000e+00	  5.68922e-02
  5.25000e+00	 -3.30888e-02
  5.26000e+00	 -7.88905e-02
  5.27000e+00	 -8.29068e-02
  5.28000e+00	 -9.34139e-02
  5.29000e+00	 -1.11540e-01
  5.30000e+00	 -1.26328e-01
  5.31000e+00	 -1.41901e-01
  5.32000e+00	 -1.75939e-01
  5.33000e+00	 -2.34231e-01
  5.34000e+00	 -2.82885e-01
  5.35000e+00	 -3.32610e-01
  5.36000e+00	 -3.50584e-01
  5.37000e+00	 -3.41017e-01
  5.38000e+00	 -3.36492e-01
  5.39000e+00	 -2.94074e-01
  5.40000e+00	 -1.89039e-01
  5.41000e+00	 -1.76404e-01
  5.42000e+00	 -1.87109e-01
  5.43000e+00	 -2.04483e-01
  5.44000e+00	 -2.37783e-01
  5.45000e+00	 -2.49824e-01
  5.46000e+00	 -2.58649e-01
  5.47000e+00	 -2.75326e-01
  5.48000e+00	 -2.89651e-01
  5.49000e+00	 -2.90803e-01
  5.50000e+00	 -2.87745e-01
  5.51000e+00	 -2.78409e-01
  5.52000e+00	 -2.62258e-01
  5.53000e+00	 -2.42988e-01
  5.54000e+00	 -2.20577e-01
  5.55000e+00	 -1.95387e-01
  5.56000e+00	 -1.56580e-01
  5.57000e+00	 -7.07395e-02
  5.58000e+00	 -3.96726e-03
  5.59000e+00	  1.19958e-02
  5.60000e+00	  5.25069e-02
  5.61000e+00	  1.16946e-01
  5.62000e+00	  1.72621e-01
  5.63000e+00	  2.24637e-01
  5.64000e+00	  2.76084e-01
  5.65000e+00	  3.27681e-01
  5.66000e+00	  3.53182e-01
  5.67000e+00	  3.35954e-01
  5.68000e+00	  3.09008e-01
  5.69000e+00	  2.96689e-01
  5.70000e+00	  3.01292e-01
  5.71000e+00	  2.99505e-01
  5.72000e+00	  2.97151e-01
  5.73000e+00	  2.86835e-01
  5.74000e+00	  2.63188e-01
  5.75000e+00	  2.31705e-01
  5.76000e+00	  1.94237e-01
  5.77000e+00	  1.61468e-01
  5.78000e+00	  1.22259e-01
  5.79000e+00	  8.34024e-02
  5.80000e+00	  5.76211e-02
  5.81000e+00	  5.14570e-02
  5.82000e+00	  5.01431e-02
  5.83000e+00	  4.85827e-02
  5.84000e+00	  6.30622e-02
  5.85000e+00	  7.44155e-02
  5.86000e+00	  7.15656e-02
  5.87000e+00	  5.84804e-02
  5.88000e+00	  3.71246e-02
  5.89000e+00	  1.34816e-02
  5.90000e+00	 -8.12664e-03
  5.91000e+00	 -3.93310e-02
  5.92000e+00	 -9.23363e-02
  5.93000e+00	 -1.06497e-01
  5.94000e+00	 -1.07731e-01
  5.95000e+00	 -1.49256e-01
  5.96000e+00	 -1.95619e-01
  5.97000e+00	 -1.96818e-01
  5.98000e+00	 -1.88653e-01
  5.99000e+00	 -1.81750e-01
  6.00000e+00	 -1.68330e-01
  6.01000e+00	 -1.57349e-01
  6.02000e+00	 -1.48935e-01
  6.03000e+00	 -1.53322e-01
  6.04000e+00	 -1.67206e-01
  6.05000e+00	 -1.82678e-01
  6.06000e+00	 -1.85610e-01
  6.07000e+00	 -1.84154e-01
  6.08000e+00	 -1.75305e-01
  6.09000e+00	 -1.45409e-01
  6.10000e+00	 -1.14247e-01
  6.11000e+00	 -8.58501e-02
  6.12000e+00	 -5.93883e-02
  6.13000e+00	 -5.00733e-02
  6.14000e+00	 -4.87059e-02
  6.15000e+00	 -4.07514e-02
  6.16000e+00	 -3.10750e-02
  6.17000e+00	  7.44778e-03
  6.18000e+00	  6.73434e-02
  6.19000e+00	  1.20406e-01
  6.20000e+00	  1.72191e-01
  6.21000e+00	  2.15162e-01
  6.22000e+00	  2.31396e-01
  6.23000e+00	  2.33016e-01
  6.24000e+00	  2.31386e-01
  6.25000e+00	  2.17136e-01
  6.26000e+00	  1.58152e-01
  6.27000e+00	  7.89732e-02
  6.28000e+00	  4.31399e-02
  6.29000e+00	  4.00865e-02
  6.30000e+00	  3.78205e-02
  6.31000e+00	  3.67565e-02
  6.32000e+00	  4.02757e-02
  6.33000e+00	  3.96854e-02
  6.34000e+00	  3.40327e-02
  6.35000e+00	  2.84739e-02
  6.36000e+00	  2.62491e-02
  6.37000e+00	  2.88525e-02
  6.38000e+00	  3.86027e-02
  6.39000e+00	  6.10853e-02
  6.40000e+00	  5.16391e-02
  6.41000e+00	  6.86263e-03
  6.42000e+00	 -3.12156e-02
  6.43000e+00	 -6.82889e-02
  6.44000e+00	 -9.21778e-02
  6.45000e+00	 -1.05466e-01
  6.46000e+00	 -1.17846e-01
  6.47000e+00	 -1.11882e-01
  6.48000e+00	 -1.04241e-01
  6.49000e+00	 -1.10267e-01
  6.50000e+00	 -1.10083e-01
  6.51000e+00	 -1.12390e-01
  6.52000e+00	 -1.10511e-01
  6.53000e+00	 -7.84479e-02
  6.54000e+00	 -3.90123e-02
  6.55000e+00	 -7.94908e-03
  6.56000e+00	  2.55090e-02
  6.57000e+00	  4.23951e-02
  6.58000e+00	  4.77949e-02
  6.59000e+00	  6.55969e-02
  6.60000e+00	  8.82017e-02
  6.61000e+00	  1.05639e-01
  6.62000e+00	  1.25175e-01
  6.63000e+00	  1.31321e-01
  6.64000e+00	  1.29198e-01
  6.65000e+00	  1.30153e-01
  6.66000e+00	  1.38445e-01
  6.67000e+00	  1.52557e-01
  6.68000e+00	  1.69896e-01
  6.69000e+00	  1.75611e-01
  6.70000e+00	  1.72745e-01
  6.71000e+00	  1.68272e-01
  6.72000e+00	  1.61891e-01
  6.73000e+00	  1.52501e-01
  6.74000e+00	  1.34694e-01
  6.75000e+00	  1.08555e-01
  6.76000e+00	  8.68282e-02
  6.77000e+00	  8.18053e-02
  6.78000e+00	  8.87555e-02
  6.79000e+00	  9.35958e-02
  6.80000e+00	  9.18850e-02
  6.81000e+00	  8.28035e-02
  6.82000e+00	  6.95566e-02
  6.83000e+00	  5.18151e-02
  6.84000e+00	  2.68761e-02
  6.85000e+00	 -5.62335e-04
  6.86000e+00	 -6.86920e-02
  6.87000e+00	 -1.49166e-01
  6.88000e+00	 -1.74021e-01
  6.89000e+00	 -1.80665e-01
  6.90000e+00	 -1.90725e-01
  6.91000e+00	 -1.77814e-01
  6.92000e+00	 -1.47428e-01
  6.93000e+00	 -1.30290e-01
  6.94000e+00	 -1.25014e-01
  6.95000e+00	 -1.35683e-01
  6.96000e+00	 -1.57341e-01
  6.97000e+00	 -1.80194e-01
  6.98000e+00	 -2.01615e-01
  6.99000e+00	 -2.22321e-01
  7.00000e+00	 -2.40295e-01
  7.01000e+00	 -2.37948e-01
  7.02000e+00	 -1.68170e-01
  7.03000e+00	 -7.03534e-02
  7.04000e+00	 -3.46916e-03
  7.05000e+00	  8.16231e-03
  7.06000e+00	 -3.40305e-02
  7.07000e+00	 -1.35514e-01
  7.08000e+00	 -2.22701e-01
  7.09000e+00	 -2.22021e-01
  7.10000e+00	 -2.06107e-01
  7.11000e+00	 -2.00367e-01
  7.12000e+00	 -1.84421e-01
  7.13000e+00	 -1.63810e-01
  7.14000e+00	 -1.38636e-01
  7.15000e+00	 -7.26834e-02
  7.16000e+00	  2.36140e-03
  7.17000e+00	  6.87585e-02
  7.18000e+00	  1.11289e-01
  7.19000e+00	  1.21127e-01
  7.20000e+00	  1.25209e-01
  7.21000e+00	  1.23261e-01
  7.22000e+00	  1.02305e-01
  7.23000e+00	  5.09078e-02
  7.24000e+00	  1.12923e-03
  7.25000e+00	 -1.24087e-02
  7.26000e+00	 -1.08040e-02
  7.27000e+00	  6.49982e-03
  7.28000e+00	  7.59789e-02
  7.29000e+00	  1.50418e-01
  7.30000e+00	  2.15631e-01
  7.31000e+00	  2.79737e-01
  7.32000e+00	  3.06391e-01
  7.33000e+00	  3.01887e-01
  7.34000e+00	  2.78555e-01
  7.35000e+00	  2.37374e-01
  7.36000e+00	  2.01532e-01
  7.37000e+00	  1.64251e-01
  7.38000e+00	  1.38394e-01
  7.39000e+00	  1.54646e-01
  7.40000e+00	  1.39926e-01
  7.41000e+00	  6.43307e-02
  7.42000e+00	  1.18756e-03
  7.43000e+00	 -6.32295e-02
  7.44000e+00	 -1.03567e-01
  7.45000e+00	 -1.11807e-01
  7.46000e+00	 -1.07650e-01
  7.47000e+00	 -1.00729e-01
  7.48000e+00	 -8.24743e-03
  7.49000e+00	  1.40633e-02
  7.50000e+00	 -1.03138e-02
  7.51000e+00	 -3.60369e-02
  7.52000e+00	 -5.88082e-02
  7.53000e+00	 -7.50650e-02
  7.54000e+00	 -9.22275e-02
  7.55000e+00	 -1.10378e-01
  7.56000e+00	 -1.29265e-01
  7.57000e+00	 -1.35063e-01
  7.58000e+00	 -1.30446e-01
  7.59000e+00	 -1.25058e-01
  7.60000e+00	 -1.16131e-01
  7.61000e+00	 -1.12435e-01
  7.62000e+00	 -1.12521e-01
  7.63000e+00	 -1.47596e-01
  7.64000e+00	 -1.63439e-01
  7.65000e+00	 -1.57577e-01
  7.66000e+00	 -1.52880e-01
  7.67000e+00	 -1.45085e-01
  7.68000e+00	 -1.29471e-01
  7.69000e+00	 -1.06063e-01
  7.70000e+00	 -7.86377e-02
  7.71000e+00	 -5.24966e-02
  7.72000e+00	 -3.20467e-02
  7.73000e+00	  8.39110e-03
  7.74000e+00	  7.16945e-02
  7.75000e+00	  9.90513e-02
  7.76000e+00	  1.07189e-01
  7.77000e+00	  1.11092e-01
  7.78000e+00	  1.11346e-01
  7.79000e+00	  1.02161e-01
  7.80000e+00	  9.40837e-02
  7.81000e+00	  1.11297e-02
  7.82000e+00	 -4.89902e-02
  7.83000e+00	 -4.22515e-02
  7.84000e+00	  2.90166e-02
  7.85000e+00	  8.10425e-02
  7.86000e+00	  8.31215e-02
  7.87000e+00	  9.91605e-02
  7.88000e+00	  1.16971e-01
  7.89000e+00	  1.36299e-01
  7.90000e+00	  1.53244e-01
  7.91000e+00	  1.70167e-01
  7.92000e+00	  1.78470e-01
  7.93000e+00	  1.78734e-01
  7.94000e+00	  1.70391e-01
  7.95000e+00	  1.64116e-01
  7.96000e+00	  1.21663e-01
  7.97000e+00	  5.06323e-02
  7.98000e+00	 -1.26738e-02
  7.99000e+00	 -7.36148e-02
  8.00000e+00	 -1.08080e-01
  8.01000e+00	 -1.12421e-01
  8.02000e+00	 -1.10023e-01
  8.03000e+00	 -1.09794e-01
  8.04000e+00	 -7.61303e-02
  8.05000e+00	  3.92079e-03
  8.06000e+00	  7.84911e-02
  8.07000e+00	  1.03098e-01
  8.08000e+00	  9.44703e-02
  8.09000e+00	  8.81921e-02
  8.10000e+00	  6.92269e-02
  8.11000e+00	  3.96546e-02
  8.12000e+00	 -3.97149e-03
  8.13000e+00	 -1.62686e-02
  8.14000e+00	  8.64163e-03
  8.15000e+00	  1.08843e-01
  8.16000e+00	  1.65857e-01
  8.17000e+00	  1.37755e-01
  8.18000e+00	  1.02123e-01
  8.19000e+00	  7.85799e-02
  8.20000e+00	  7.14342e-02
  8.21000e+00	  6.23413e-02
  8.22000e+00	  8.21829e-02
  8.23000e+00	  1.38623e-01
  8.24000e+00	  1.88208e-01
  8.25000e+00	  2.17695e-01
  8.26000e+00	  2.45167e-01
  8.27000e+00	  2.68305e-01
  8.28000e+00	  2.72814e-01
  8.29000e+00	  2.82502e-01
  8.30000e+00	  2.94449e-01
  8.31000e+00	  3.03081e-01
  8.32000e+00	  3.08801e-01
  8.33000e+00	  3.01699e-01
  8.34000e+00	  2.88880e-01
  8.35000e+00	  2.73445e-01
  8.36000e+00	  2.50805e-01
  8.37000e+00	  2.23606e-01
  8.38000e+00	  1.82417e-01
  8.39000e+00	  1.39528e-01
  8.40000e+00	  1.09888e-01
  8.41000e+00	  9.37035e-02
  8.42000e+00	  5.27155e-02
  8.43000e+00	  8.54455e-03
  8.44000e+00	 -1.30920e-02
  8.45000e+00	 -5.14378e-02
  8.46000e+00	 -1.09048e-01
  8.47000e+00	 -1.62730e-01
  8.48000e+00	 -2.12011e-01
  8.49000e+00	 -2.61487e-01
  8.50000e+00	 -3.07459e-01
  8.51000e+00	 -3.41175e-01
  8.52000e+00	 -3.63084e-01
  8.53000e+00	 -3.76249e-01
  8.54000e+00	 -3.76800e-01
  8.55000e+00	 -3.75584e-01
  8.56000e+00	 -3.68853e-01
  8.57000e+00	 -3.58331e-01
  8.58000e+00	 -3.43570e-01
  8.59000e+00	 -3.24846e-01
  8.60000e+00	 -3.03200e-01
  8.61000e+00	 -2.81671e-01
  8.62000e+00	 -2.60568e-01
  8.63000e+00	 -2.41800e-01
  8.64000e+00	 -2.29452e-01
  8.65000e+00	 -2.22107e-01
  8.66000e+00	 -2.16422e-01
  8.67000e+00	 -2.13299e-01
  8.68000e+00	 -2.07689e-01
  8.69000e+00	 -1.99748e-01
  8.70000e+00	 -1.90136e-01
  8.71000e+00	 -1.81675e-01
  8.72000e+00	 -1.73751e-01
  8.73000e+00	 -1.71533e-01
  8.74000e+00	 -1.71955e-01
  8.75000e+00	 -1.73883e-01
  8.76000e+00	 -1.76424e-01
  8.77000e+00	 -1.79682e-01
  8.78000e+00	 -1.80061e-01
  8.79000e+00	 -1.82949e-01
  8.80000e+00	 -1.89194e-01
  8.81000e+00	 -2.00292e-01
  8.82000e+00	 -2.12885e-01
  8.83000e+00	 -2.26687e-01
  8.84000e+00	 -2.36589e-01
  8.85000e+00	 -2.47488e-01
  8.86000e+00	 -2.56557e-01
  8.87000e+00	 -2.66160e-01
  8.88000e+00	 -2.68512e-01
  8.89000e+00	 -2.62464e-01
  8.90000e+00	 -2.50974e-01
  8.91000e+00	 -2.36091e-01
  8.92000e+00	 -2.12961e-01
  8.93000e+00	 -1.80137e-01
  8.94000e+00	 -1.35780e-01
  8.95000e+00	 -9.35666e-02
  8.96000e+00	 -5.81557e-02
  8.97000e+00	 -3.19428e-02
  8.98000e+00	 -1.09145e-02
  8.99000e+00	  8.10001e-03
  9.00000e+00	  2.48342e-02
  9.01000e+00	  4.11839e-02
  9.02000e+00	  5.98346e-02
  9.03000e+00	  7.94912e-02
  9.04000e+00	  1.01017e-01
  9.05000e+00	  1.25714e-01
  9.06000e+00	  1.49717e-01
  9.07000e+00	  1.73056e-01
  9.08000e+00	  2.01862e-01
  9.09000e+00	  2.25817e-01
  9.10000e+00	  2.42330e-01
  9.11000e+00	  2.60426e-01
  9.12000e+00	  2.79101e-01
  9.13000e+00	  2.94057e-01
  9.14000e+00	  3.08466e-01
  9.15000e+00	  3.26053e-01
  9.16000e+00	  3.38366e-01
  9.17000e+00	  3.52794e-01
  9.18000e+00	  3.85687e-01
  9.19000e+00	  4.12116e-01
  9.20000e+00	  4.35271e-01
  9.21000e+00	  4.08468e-01
  9.22000e+00	  3.63190e-01
  9.23000e+00	  3.18929e-01
  9.24000e+00	  3.23134e-01
  9.25000e+00	  3.11954e-01
  9.26000e+00	  2.31106e-01
  9.27000e+00	  1.66794e-01
  9.28000e+00	  1.02649e-01
  9.29000e+00	  1.22667e-01
  9.30000e+00	  1.61319e-01
  9.31000e+00	  1.37463e-01
  9.32000e+00	  1.20400e-01
  9.33000e+00	  1.27830e-01
  9.34000e+00	  1.67001e-01
  9.35000e+00	  2.32312e-01
  9.36000e+00	  2.72031e-01
  9.37000e+00	  2.58709e-01
  9.38000e+00	  2.39177e-01
  9.39000e+00	  2.14462e-01
  9.40000e+00	  1.29455e-01
  9.41000e+00	  2.61065e-02
  9.42000e+00	 -1.96235e-03
  9.43000e+00	  3.27374e-03
  9.44000e+00	 -1.62885e-04
  9.45000e+00	  1.66209e-03
  9.46000e+00	  5.99407e-03
  9.47000e+00	 -6.42789e-03
  9.48000e+00	 -2.86409e-02
  9.49000e+00	 -4.92180e-02
  9.50000e+00	 -6.25338e-02
  9.51000e+00	 -6.11582e-02
  9.52000e+00	 -5.59664e-02
  9.53000e+00	 -4.77652e-02
  9.54000e+00	 -4.06187e-02
  9.55000e+00	 -3.76911e-02
  9.56000e+00	 -3.56493e-02
  9.57000e+00	 -3.73056e-02
  9.58000e+00	 -4.11762e-02
  9.59000e+00	 -4.22066e-02
  9.60000e+00	 -4.48342e-02
  9.61000e+00	 -4.82894e-02
  9.62000e+00	 -5.04808e-02
  9.63000e+00	 -5.75898e-02
  9.64000e+00	 -6.43728e-02
  9.65000e+00	 -7.13820e-02
  9.66000e+00	 -7.93672e-02
  9.67000e+00	 -9.21616e-02
  9.68000e+00	 -1.03512e-01
  9.69000e+00	 -1.14294e-01
  9.70000e+00	 -1.23728e-01
  9.71000e+00	 -1.31614e-01
  9.72000e+00	 -1.37012e-01
  9.73000e+00	 -1.34647e-01
  9.74000e+00	 -1.28771e-01
  9.75000e+00	 -1.17425e-01
  9.76000e+00	 -1.04206e-01
  9.77000e+00	 -8.87987e-02
  9.78000e+00	 -7.20204e-02
  9.79000e+00	 -5.38650e-02
  9.80000e+00	 -3.27537e-02
  9.81000e+00	 -1.88142e-02
  9.82000e+00	 -6.04655e-03
  9.83000e+00	  1.05387e-02
  9.84000e+00	  2.59812e-02
  9.85000e+00	  3.82038e-02
  9.86000e+00	  5.06484e-02
  9.87000e+00	  6.49117e-02
  9.88000e+00	  7.62114e-02
  9.89000e+00	  8.64314e-02
  9.90000e+00	  9.35209e-02
  9.91000e+00	  1.02183e-01
  9.92000e+00	  1.11831e-01
  9.93000e+00	  1.13948e-01
  9.94000e+00	  1.16943e-01
  9.95000e+00	  1.19357e-01
  9.96000e+00	  1.14538e-01
  9.97000e+00	  1.09748e-01
  9.98000e+00	  1.07338e-01
  9.99000e+00	  1.03652e-01
  1.00000e+01	  9.62706e-02
  1.00100e+01	  8.85300e-02
  1.00200e+01	  7.79397e-02
  1.00300e+01	  5.17798e-02
  1.00400e+01	  3.58768e-02
  1.00500e+01	  4.65951e-02
  1.00600e+01	  4.93799e-02
  1.00700e+01	  5.56851e-02
  1.00800e+01	  7.30159e-02
  1.00900e+01	  6.63972e-02
  1.01000e+01	 -1.75135e-02
  1.01100e+01	 -1.17041e-01
  1.01200e+01	 -1.51060e-01
  1.01300e+01	 -1.56171e-01
  1.01400e+01	 -1.57682e-01
  1.01500e+01	 -1.55051e-01
  1.01600e+01	 -1.50094e-01
  1.01700e+01	 -1.45233e-01
  1.01800e+01	 -1.33947e-01
  1.01900e+01	 -1.20090e-01
  1.02000e+01	 -1.10756e-01
  1.02100e+01	 -1.02828e-01
  1.02200e+01	 -9.42126e-02
  1.02300e+01	 -8.27993e-02
  1.02400e+01	 -6.54905e-02
  1.02500e+01	 -5.33754e-02
  1.02600e+01	 -4.29299e-02
  1.02700e+01	 -3.15462e-02
  1.02800e+01	 -2.17447e-02
  1.02900e+01	 -1.68999e-02
  1.03000e+01	 -1.67118e-02
  1.03100e+01	 -1.72233e-02
  1.03200e+01	 -2.02915e-02
  1.03300e+01	 -3.42238e-02
  1.03400e+01	 -5.95458e-02
  1.03500e+01	 -8.42266e-02
  1.03600e+01	 -1.05126e-01
  1.03700e+01	 -1.08071e-01
  1.03800e+01	 -1.05431e-01
  1.03900e+01	 -1.05346e-01
  1.04000e+01	 -1.04240e-01
  1.04100e+01	 -1.02807e-01
  1.04200e+01	 -1.04022e-01
  1.04300e+01	 -1.07350e-01
  1.04400e+01	 -1.08627e-01
  1.04500e+01	 -1.06970e-01
  1.04600e+01	 -1.00763e-01
  1.04700e+01	 -9.36679e-02
  1.04800e+01	 -8.50058e-02
  1.04900e+01	 -7.53446e-02
  1.05000e+01	 -6.29717e-02
  1.05100e+01	 -5.24924e-02
  1.05200e+01	 -4.46983e-02
  1.05300e+01	 -3.55516e-02
  1.05400e+01	 -2.81995e-02
  1.05500e+01	 -2.23495e-02
  1.05600e+01	 -1.56917e-02
  1.05700e+01	 -9.68919e-03
  1.05800e+01	 -3.76894e-03
  1.05900e+01	 -3.99017e-05
  1.06000e+01	  3.87923e-03
  1.06100e+01	  9.64659e-03
  1.06200e+01	  1.60769e-02
  1.06300e+01	  2.32004e-02
  1.06400e+01	  3.30513e-02
  1.06500e+01	  3.91780e-02
  1.06600e+01	  4.20244e-02
  1.06700e+01	  5.44613e-02
  1.06800e+01	  7.81619e-02
  1.06900e+01	  8.40639e-02
  1.07000e+01	  7.53555e-02
  1.07100e+01	  6.13416e-02
  1.07200e+01	  3.48582e-02
  1.07300e+01	  2.13338e-02
  1.07400e+01	  2.15397e-02
  1.07500e+01	  3.03958e-02
  1.07600e+01	  5.61866e-02
  1.07700e+01	  7.69650e-02
  1.07800e+01	  8.57966e-02
  1.07900e+01	  8.84924e-02
  1.08000e+01	  7.48113e-02
  1.08100e+01	  5.22589e-02
  1.08200e+01	  3.64030e-02
  1.08300e+01	  3.40539e-02
  1.08400e+01	  3.57498e-02
  1.08500e+01	  4.01775e-02
  1.08600e+01	  4.60608e-02
  1.08700e+01	  4.86058e-02
  1.08800e+01	  4.65716e-02
  1.08900e+01	  4.44262e-02
  1.09000e+01	  3.96818e-02
  1.09100e+01	  2.89294e-02
  1.09200e+01	  8.49502e-03
  1.09300e+01	 -1.44691e-02
  1.09400e+01	 -3.84842e-02
  1.09500e+01	 -6.41642e-02
  1.09600e+01	 -8.97565e-02
  1.09700e+01	 -1.11515e-01
  1.09800e+01	 -1.25992e-01
  1.09900e+01	 -1.34579e-01
  1.10000e+01	 -1.41227e-01
  1.10100e+01	 -1.44088e-01
  1.10200e+01	 -1.43647e-01
  1.10300e+01	 -1.43937e-01
  1.10400e+01	 -1.39928e-01
  1.10500e+01	 -1.32216e-01
  1.10600e+01	 -1.22121e-01
  1.10700e+01	 -1.13212e-01
  1.10800e+01	 -1.04171e-01
  1.10900e+01	 -9.22787e-02
  1.11000e+01	 -8.06887e-02
  1.11100e+01	 -6.72448e-02
  1.11200e+01	 -4.96406e-02
  1.11300e+01	 -2.56790e-02
  1.11400e+01	 -5.77313e-04
  1.11500e+01	  2.39133e-02
  1.11600e+01	  4.61757e-02
  1.11700e+01	  6.16021e-02
  1.11800e+01	  7.18894e-02
  1.11900e+01	  8.15701e-02
  1.12000e+01	  9.17160e-02
  1.12100e+01	  9.93424e-02
  1.12200e+01	  1.04348e-01
  1.12300e+01	  1.10612e-01
  1.12400e+01	  1.16703e-01
  1.12500e+01	  1.24318e-01
  1.12600e+01	  1.31364e-01
  1.12700e+01	  1.38737e-01
  1.12800e+01	  1.47104e-01
  1.12900e+01	  1.49561e-01
  1.13000e+01	  1.49227e-01
  1.13100e+01	  1.48151e-01
  1.13200e+01	  1.44361e-01
  1.13300e+01	  1.40494e-01
  1.13400e+01	  1.39159e-01
  1.13500e+01	  1.39905e-01
  1.13600e+01	  1.42289e-01
  1.13700e+01	  1.43410e-01
  1.13800e+01	  1.44755e-01
  1.13900e+01	  1.40461e-01
  1.14000e+01	  1.29310e-01
  1.14100e+01	  1.14831e-01
  1.14200e+01	  1.00871e-01
  1.14300e+01	  8.81607e-02
  1.14400e+01	  7.75104e-02
  1.14500e+01	  6.32406e-02
  1.14600e+01	  4.74496e-02
  1.14700e+01	  3.04698e-02
  1.14800e+01	  1.38627e-02
  1.14900e+01	 -1.56295e-03
  1.15000e+01	 -1.93881e-02
  1.15100e+01	 -3.57697e-02
  1.15200e+01	 -4.64125e-02
  1.15300e+01	 -5.66482e-02
  1.15400e+01	 -7.03127e-02
  1.15500e+01	 -8.29150e-02
  1.15600e+01	 -9.52140e-02
  1.15700e+01	 -1.11398e-01
  1.15800e+01	 -1.26496e-01
  1.15900e+01	 -1.43246e-01
  1.16000e+01	 -1.60373e-01
  1.16100e+01	 -1.71997e-01
  1.16200e+01	 -1.81920e-01
  1.16300e+01	 -1.89998e-01
  1.16400e+01	 -1.87924e-01
  1.16500e+01	 -1.86428e-01
  1.16600e+01	 -1.82798e-01
  1.16700e+01	 -1.75862e-01
  1.16800e+01	 -1.66423e-01
  1.16900e+01	 -1.57041e-01
  1.17000e+01	 -1.47536e-01
  1.17100e+01	 -1.39308e-01
  1.17200e+01	 -1.33616e-01
  1.17300e+01	 -1.25643e-01
  1.17400e+01	 -1.14980e-01
  1.17500e+01	 -9.99007e-02
  1.17600e+01	 -8.15859e-02
  1.17700e+01	 -6.31691e-02
  1.17800e+01	 -4.59288e-02
  1.17900e+01	 -3.23440e-02
  1.18000e+01	 -2.10356e-02
  1.18100e+01	 -1.56301e-02
  1.18200e+01	 -1.39524e-02
  1.18300e+01	 -1.51714e-02
  1.18400e+01	 -1.85516e-02
  1.18500e+01	 -2.12606e-02
  1.18600e+01	 -2.42492e-02
  1.18700e+01	 -2.57225e-02
  1.18800e+01	 -2.70503e-02
  1.18900e+01	 -2.64249e-02
  1.19000e+01	 -2.47484e-02
  1.19100e+01	 -2.34009e-02
  1.19200e+01	 -2.30084e-02
  1.19300e+01	 -2.44246e-02
  1.19400e+01	 -2.50680e-02
  1.19500e+01	 -2.45437e-02
  1.19600e+01	 -2.36955e-02
  1.19700e+01	 -2.05975e-02
  1.19800e+01	 -1.30835e-02
  1.19900e+01	 -2.49265e-03
  1.20000e+01	  7.76470e-03
  1.20100e+01	  2.10964e-02
  1.20200e+01	  3.99214e-02
  1.20300e+01	  5.63267e-02
  1.20400e+01	  7.02314e-02
  1.20500e+01	  8.20085e-02
  1.20600e+01	  8.71224e-02
  1.20700e+01	  9.32596e-02
  1.20800e+01	  1.02476e-01
  1.20900e+01	  1.10291e-01
  1.21000e+01	  1.15288e-01
  1.21100e+01	  1.22393e-01
  1.21200e+01	  1.34328e-01
  1.21300e+01	  1.45565e-01
  1.21400e+01	  1.57513e-01
  1.21500e+01	  1.69074e-01
  1.21600e+01	  1.76004e-01
  1.21700e+01	  1.76100e-01
  1.21800e+01	  1.71412e-01
  1.21900e+01	  1.65472e-01
  1.22000e+01	  1.59642e-01
  1.22100e+01	  1.52428e-01
  1.22200e+01	  1.45059e-01
  1.22300e+01	  1.34708e-01
  1.22400e+01	  1.25524e-01
  1.22500e+01	  1.19812e-01
  1.22600e+01	  1.16025e-01
  1.22700e+01	  1.15983e-01
  1.22800e+01	  1.20069e-01
  1.22900e+01	  1.25706e-01
  1.23000e+01	  1.32150e-01
  1.23100e+01	  1.31775e-01
  1.23200e+01	  1.26478e-01
  1.23300e+01	  1.20109e-01
  1.23400e+01	  1.13100e-01
  1.23500e+01	  1.00103e-01
  1.23600e+01	  8.32145e-02
  1.23700e+01	  6.46697e-02
  1.23800e+01	  4.31946e-02
  1.23900e+01	  2.14644e-02
  1.24000e+01	  3.05970e-03
  1.24100e+01	 -1.12451e-02
  1.24200e+01	 -2.34187e-02
  1.24300e+01	 -3.59534e-02
  1.24400e+01	 -4.68658e-02
  1.24500e+01	 -5.23820e-02
  1.24600e+01	 -5.27271e-02
  1.24700e+01	 -5.18185e-02
  1.24800e+01	 -5.15313e-02
  1.24900e+01	 -5.27048e-02
  1.25000e+01	 -5.45717e-02
  1.25100e+01	 -5.58613e-02
  1.25200e+01	 -5.85826e-02
  1.25300e+01	 -5.94730e-02
  1.25400e+01	 -5.97274e-02
  1.25500e+01	 -6.05472e-02
  1.25600e+01	 -5.92066e-02
  1.25700e+01	 -5.75661e-02
  1.25800e+01	 -5.61930e-02
  1.25900e+01	 -5.45624e-02
  1.26000e+01	 -5.14100e-02
  1.26100e+01	 -5.04267e-02
  1.26200e+01	 -5.08776e-02
  1.26300e+01	 -4.94068e-02
  1.26400e+01	 -4.96227e-02
  1.26500e+01	 -4.91068e-02
  1.26600e+01	 -4.76561e-02
  1.26700e+01	 -4.51900e-02
  1.26800e+01	 -4.25666e-02
  1.26900e+01	 -4.01151e-02
  1.27000e+01	 -3.96472e-02
  1.27100e+01	 -3.89277e-02
  1.27200e+01	 -3.44850e-02
  1.27300e+01	 -2.72511e-02
  1.27400e+01	 -1.99961e-02
  1.27500e+01	 -1.44765e-02
  1.27600e+01	 -6.85594e-03
  1.27700e+01	  6.77993e-04
  1.27800e+01	  5.79443e-03
  1.27900e+01	  9.15659e-03
  1.28000e+01	  9.71913e-03
  1.28100e+01	  6.87196e-03
  1.28200e+01	  1.91452e-03
  1.28300e+01	 -1.59709e-03
  1.28400e+01	 -3.57496e-03
  1.28500e+01	  1.04388e-04
  1.28600e+01	  8.20469e-03
  1.28700e+01	  2.19538e-02
  1.28800e+01	  3.93516e-02
  1.28900e+01	  5.24185e-02
  1.29000e+01	  6.17952e-02
  1.29100e+01	  6.64881e-02
  1.29200e+01	  6.06707e-02
  1.29300e+01	  4.85491e-02
  1.29400e+01	  3.59404e-02
  1.29500e+01	  2.00730e-02
  1.29600e+01	  7.42249e-03
  1.29700e+01	  3.11702e-03
  1.29800e+01	  2.88609e-03
  1.29900e+01	  3.40525e-03
  1.30000e+01	  3.61072e-03
  1.30100e+01	 -3.49456e-05
  1.30200e+01	 -3.50367e-03
  1.30300e+01	 -6.69091e-03
  1.30400e+01	 -5.59095e-03
  1.30500e+01	 -1.27716e-03
  1.30600e+01	  5.00376e-03
  1.30700e+01	  1.05699e-02
  1.30800e+01	  1.63896e-02
  1.30900e+01	  1.38794e-02
  1.31000e+01	  6.39505e-03
  1.31100e+01	 -8.20010e-04
  1.31200e+01	 -1.03240e-02
  1.31300e+01	 -2.17798e-02
  1.31400e+01	 -3.08622e-02
  1.31500e+01	 -3.82098e-02
  1.31600e+01	 -4.40656e-02
  1.31700e+01	 -4.65363e-02
  1.31800e+01	 -4.82326e-02
  1.31900e+01	 -5.13668e-02
  1.32000e+01	 -5.44364e-02
  1.32100e+01	 -5.70209e-02
  1.32200e+01	 -6.02534e-02
  1.32300e+01	 -6.46298e-02
  1.32400e+01	 -6.78661e-02
  1.32500e+01	 -7.14658e-02
  1.32600e+01	 -7.44653e-02
  1.32700e+01	 -7.70758e-02
  1.32800e+01	 -7.61760e-02
  1.32900e+01	 -7.50772e-02
  1.33000e+01	 -7.24012e-02
  1.33100e+01	 -6.87877e-02
  1.33200e+01	 -6.39527e-02
  1.33300e+01	 -5.52734e-02
  1.33400e+01	 -4.29093e-02
  1.33500e+01	 -3.10121e-02
  1.33600e+01	 -1.95841e-02
  1.33700e+01	 -8.38095e-03
  1.33800e+01	  1.05651e-03
  1.33900e+01	  3.15284e-03
  1.34000e+01	  4.97777e-03
  1.34100e+01	  7.33409e-03
  1.34200e+01	  6.61746e-03
  1.34300e+01	  3.63260e-03
  1.34400e+01	  1.59774e-03
  1.34500e+01	  2.11876e-04
  1.34600e+01	  1.06057e-05
  1.34700e+01	  2.46951e-03
  1.34800e+01	  5.31845e-03
  1.34900e+01	  8.92941e-03
  1.35000e+01	  1.13805e-02
  1.35100e+01	  1.06968e-02
  1.35200e+01	  5.78574e-03
  1.35300e+01	 -7.68215e-04
  1.35400e+01	 -8.56502e-03
  1.35500e+01	 -1.94494e-02
  1.35600e+01	 -2.86089e-02
  1.35700e+01	 -3.53668e-02
  1.35800e+01	 -4.22224e-02
  1.35900e+01	 -4.59035e-02
  1.36000e+01	 -4.79427e-02
  1.36100e+01	 -4.91710e-02
  1.36200e+01	 -4.88353e-02
  1.36300e+01	 -4.78347e-02
  1.36400e+01	 -4.56693e-02
  1.36500e+01	 -4.39171e-02
  1.36600e+01	 -4.30678e-02
  1.36700e+01	 -4.38952e-02
  1.36800e+01	 -4.27577e-02
  1.36900e+01	 -4.08070e-02
  1.37000e+01	 -3.81349e-02
  1.37100e+01	 -3.52411e-02
  1.37200e+01	 -3.07750e-02
  1.37300e+01	 -2.69807e-02
  1.37400e+01	 -2.49125e-02
  1.37500e+01	 -2.03987e-02
  1.37600e+01	 -1.96937e-02
  1.37700e+01	 -2.30887e-02
  1.37800e+01	 -2.28395e-02
  1.37900e+01	 -2.42955e-02
  1.38000e+01	 -2.60912e-02
  1.38100e+01	 -2.48090e-02
  1.38200e+01	 -2.29442e-02
  1.38300e+01	 -2.01511e-02
  1.38400e+01	 -1.61996e-02
  1.38500e+01	 -1.33797e-02
  1.38600e+01	 -8.62181e-03
  1.38700e+01	 -2.50787e-03
  1.38800e+01	  4.77199e-03
  1.38900e+01	  1.05788e-02
  1.39000e+01	  1.49465e-02
  1.39100e+01	  2.01880e-02
  1.39200e+01	  2.25971e-02
  1.39300e+01	  2.30497e-02
  1.39400e+01	  2.48038e-02
  1.39500e+01	  2.53626e-02
  1.39600e+01	  2.47644e-02
  1.39700e+01	  2.16620e-02
  1.39800e+01	  2.02540e-02
  1.39900e+01	  1.74418e-02
  1.40000e+01	  1.50013e-02
  1.40100e+01	  1.19556e-02
  1.40200e+01	  1.04151e-02
  1.40300e+01	  8.54785e-03
  1.40400e+01	  7.27008e-03
  1.40500e+01	  6.28479e-03
  1.40600e+01	  4.04572e-03
  1.40700e+01	  4.03289e-03
  1.40800e+01	  3.99936e-03
  1.40900e+01	  3.07786e-03
  1.41000e+01	  4.93147e-03
  1.41100e+01	  8.31495e-03
  1.41200e+01	  1.18953e-02
  1.41300e+01	  1.62515e-02
  1.41400e+01	  1.93027e-02
  1.41500e+01	  2.18053e-02
  1.41600e+01	  2.57734e-02
  1.41700e+01	  2.86699e-02
  1.41800e+01	  2.79388e-02
  1.41900e+01	  2.49172e-02
  1.42000e+01	  2.20748e-02
  1.42100e+01	  1.93771e-02
  1.42200e+01	  1.85602e-02
  1.42300e+01	  2.02098e-02
  1.42400e+01	  2.17738e-02
  1.42500e+01	  2.66434e-02
  1.42600e+01	  3.16822e-02
  1.42700e+01	  3.57754e-02
  1.42800e+01	  3.86734e-02
  1.42900e+01	  4.12772e-02
  1.43000e+01	  4.07522e-02
  1.43100e+01	  4.04367e-02
  1.43200e+01	  4.09257e-02
  1.43300e+01	  4.13888e-02
  1.43400e+01	  4.41379e-02
  1.43500e+01	  4.91932e-02
  1.43600e+01	  5.33018e-02
  1.43700e+01	  5.61750e-02
  1.43800e+01	  5.96453e-02
  1.43900e+01	  6.03311e-02
  1.44000e+01	  5.77977e-02
  1.44100e+01	  5.31680e-02
  1.44200e+01	  4.75294e-02
  1.44300e+01	  3.81996e-02
  1.44400e+01	  2.38483e-02
  1.44500e+01	  1.11065e-02
  1.44600e+01	  2.37082e-03
  1.44700e+01	 -5.56388e-03
  1.44800e+01	 -5.41527e-03
  1.44900e+01	 -2.22095e-03
  1.45000e+01	  4.20793e-03
  1.45100e+01	  1.19218e-02
  1.45200e+01	  1.84828e-02
  1.45300e+01	  2.28680e-02
  1.45400e+01	  2.31347e-02
  1.45500e+01	  1.77893e-02
  1.45600e+01	  1.46889e-02
  1.45700e+01	  8.71362e-03
  1.45800e+01	  5.68377e-03
  1.45900e+01	  5.47146e-03
  1.46000e+01	  4.94023e-03
  1.46100e+01	  1.28448e-03
  1.46200e+01	 -7.41170e-04
  1.46300e+01	 -3.51981e-03
  1.46400e+01	 -8.80759e-03
  1.46500e+01	 -1.27344e-02
  1.46600e+01	 -1.31746e-02
  1.46700e+01	 -1.41489e-02
  1.46800e+01	 -1.27592e-02
  1.46900e+01	 -1.19724e-02
  1.47000e+01	 -9.60225e-03
  1.47100e+01	 -6.77747e-03
  1.47200e+01	 -6.86368e-03
  1.47300e+01	 -6.84736e-03
  1.47400e+01	 -6.95242e-03
  1.47500e+01	 -1.10644e-02
  1.47600e+01	 -1.86446e-02
  1.47700e+01	 -2.61945e-02
  1.47800e+01	 -3.42561e-02
  1.47900e+01	 -4.22962e-02
  1.48000e+01	 -4.96721e-02
  1.48100e+01	 -5.64785e-02
  1.48200e+01	 -5.79214e-02
  1.48300e+01	 -5.80243e-02
  1.48400e+01	 -5.50867e-02
  1.48500e+01	 -4.80410e-02
  1.48600e+01	 -4.21329e-02
  1.48700e+01	 -3.52040e-02
  1.48800e+01	 -2.94675e-02
  1.48900e+01	 -2.39012e-02
  1.49000e+01	 -1.89766e-02
  1.49100e+01	 -1.59817e-02
  1.49200e+01	 -1.46164e-02
  1.49300e+01	 -1.38456e-02
  1.49400e+01	 -1.10186e-02
  1.49500e+01	 -6.72732e-03
  1.49600e+01	  3.08383e-04
  1.49700e+01	  7.35163e-03
  1.49800e+01	  1.39153e-02
  1.49900e+01	  2.06298e-02
  1.50000e+01	  2.81180e-02
  1.50100e+01	  3.40734e-02
  1.50200e+01	  3.95976e-02
  1.50300e+01	  4.40327e-02
  1.50400e+01	  4.68648e-02
  1.50500e+01	  4.81466e-02
  1.50600e+01	  4.89789e-02
  1.50700e+01	  4.85015e-02
  1.50800e+01	  4.85929e-02
  1.50900e+01	  5.07498e-02
  1.51000e+01	  5.18119e-02
  1.51100e+01	  5.25877e-02
  1.51200e+01	  5.55730e-02
  1.51300e+01	  5.60272e-02
  1.51400e+01	  5.93280e-02
  1.51500e+01	  6.39540e-02
  1.51600e+01	  6.86932e-02
  1.51700e+01	  7.21122e-02
  1.51800e+01	  7.18394e-02
  1.51900e+01	  6.97669e-02
  1.52000e+01	  6.34395e-02
  1.52100e+01	  5.18652e-02
  1.52200e+01	  3.96862e-02
  1.52300e+01	  2.91863e-02
  1.52400e+01	  1.92384e-02
  1.52500e+01	  1.12346e-02
  1.52600e+01	  6.61915e-03
  1.52700e+01	  2.31425e-03
  1.52800e+01	 -4.07658e-03
  1.52900e+01	 -8.49017e-03
  1.53000e+01	 -1.54556e-02
  1.53100e+01	 -2.36338e-02
  1.53200e+01	 -3.02495e-02
  1.53300e+01	 -3.48646e-02
  1.53400e+01	 -4.09357e-02
  1.53500e+01	 -4.20468e-02
  1.53600e+01	 -3.92670e-02
  1.53700e+01	 -3.32730e-02
  1.53800e+01	 -2.82997e-02
  1.53900e+01	 -2.54531e-02
  1.54000e+01	 -2.40685e-02
  1.54100e+01	 -2.33870e-02
  1.54200e+01	 -2.36236e-02
  1.54300e+01	 -2.43827e-02
  1.54400e+01	 -2.65173e-02
  1.54500e+01	 -2.83342e-02
  1.54600e+01	 -3.07447e-02
  1.54700e+01	 -3.34692e-02
  1.54800e+01	 -3.46677e-02
  1.54900e+01	 -3.66122e-02
  1.55000e+01	 -3.78191e-02
  1.55100e+01	 -3.94554e-02
  1.55200e+01	 -4.03850e-02
  1.55300e+01	 -4.30192e-02
  1.55400e+01	 -4.41171e-02
  1.55500e+01	 -4.53625e-02
  1.55600e+01	 -4.55895e-02
  1.55700e+01	 -4.54133e-02
  1.55800e+01	 -4.45315e-02
  1.55900e+01	 -4.45203e-02
  1.56000e+01	 -4.00294e-02
  1.56100e+01	 -3.42396e-02
  1.56200e+01	 -2.58312e-02
  1.56300e+01	 -1.55876e-02
  1.56400e+01	 -5.07784e-03
  1.56500e+01	  5.93403e-03
  1.56600e+01	  1.79973e-02
  1.56700e+01	  2.99419e-02
  1.56800e+01	  3.76422e-02
  1.56900e+01	  4.63187e-02
  1.57000e+01	  5.38395e-02
  1.57100e+01	  5.83201e-02
  1.57200e+01	  6.09465e-02
  1.57300e+01	  5.91491e-02
  1.57400e+01	  5.41987e-02
  1.57500e+01	  4.68705e-02
  1.57600e+01	  4.14143e-02
  1.57700e+01	  3.82170e-02
  1.57800e+01	  3.25434e-02
  1.57900e+01	  2.84515e-02
  1.58000e+01	  2.61474e-02
  1.58100e+01	  2.32444e-02
  1.58200e+01	  2.07608e-02
  1.58300e+01	  1.79651e-02
  1.58400e+01	  1.55998e-02
  1.58500e+01	  1.31866e-02
  1.58600e+01	  9.61626e-03
  1.58700e+01	  2.28967e-03
  1.58800e+01	 -7.78042e-03
  1.58900e+01	 -2.22876e-02
  1.59000e+01	 -3.30819e-02
  1.59100e+01	 -4.36443e-02
  1.59200e+01	 -5.25706e-02
  1.59300e+01	 -5.64374e-02
  1.59400e+01	 -5.55306e-02
  1.59500e+01	 -5.34595e-02
  1.59600e+01	 -4.91545e-02
  1.59700e+01	 -4.18100e-02
  1.59800e+01	 -3.22164e-02
  1.59900e+01	 -2.49393e-02
  1.60000e+01	 -1.76187e-02
  1.60100e+01	 -1.19679e-02
  1.60200e+01	 -6.39917e-03
  1.60300e+01	 -5.51723e-03
  1.60400e+01	 -7.47053e-03
  1.60500e+01	 -7.03949e-03
  1.60600e+01	 -6.53643e-03
  1.60700e+01	 -4.26391e-03
  1.60800e+01	  8.37866e-04
  1.60900e+01	  5.95877e-03
  1.61000e+01	  1.18061e-02
  1.61100e+01	  1.66313e-02
  1.61200e+01	  2.10490e-02
  1.61300e+01	  2.40302e-02
  1.61400e+01	  2.07661e-02
  1.61500e+01	  1.62345e-02
  1.61600e+01	  9.19674e-03
  1.61700e+01	  8.30650e-04
  1.61800e+01	 -8.85659e-03
  1.61900e+01	 -1.50745e-02
  1.62000e+01	 -1.67220e-02
  1.62100e+01	 -1.53543e-02
  1.62200e+01	 -1.24196e-02
  1.62300e+01	 -1.10897e-02
  1.62400e+01	 -1.09562e-02
  1.62500e+01	 -1.17289e-02
  1.62600e+01	 -1.53559e-02
  1.62700e+01	 -1.77126e-02
  1.62800e+01	 -1.94621e-02
  1.62900e+01	 -1.97711e-02
  1.63000e+01	 -1.89480e-02
  1.63100e+01	 -1.89787e-02
  1.63200e+01	 -1.97445e-02
  1.63300e+01	 -1.90611e-02
  1.63400e+01	 -1.65740e-02
  1.63500e+01	 -1.12919e-02
  1.63600e+01	 -4.23960e-03
  1.63700e+01	  2.57775e-03
  1.63800e+01	  8.02897e-03
  1.63900e+01	  1.07293e-02
  1.64000e+01	  1.11416e-02
  1.64100e+01	  1.02531e-02
  1.64200e+01	  6.28277e-03
  1.64300e+01	  1.40966e-03
  1.64400e+01	 -5.09908e-03
  1.64500e+01	 -1.04666e-02
  1.64600e+01	 -1.67383e-02
  1.64700e+01	 -2.05919e-02
  1.64800e+01	 -2.43251e-02
  1.64900e+01	 -2.72100e-02
  1.65000e+01	 -2.60242e-02
  1.65100e+01	 -2.48299e-02
  1.65200e+01	 -2.18536e-02
  1.65300e+01	 -1.87430e-02
  1.65400e+01	 -1.58900e-02
  1.65500e+01	 -1.14085e-02
  1.65600e+01	 -7.84554e-03
  1.65700e+01	 -6.55480e-03
  1.65800e+01	 -3.99713e-03
  1.65900e+01	 -1.38854e-03
  1.66000e+01	  8.06020e-04
  1.66100e+01	  5.66765e-03
  1.66200e+01	  1.25633e-02
  1.66300e+01	  1.87281e-02
  1.66400e+01	  2.48620e-02
  1.66500e+01	  2.90883e-02
  1.66600e+01	  3.17243e-02
  1.66700e+01	  3.46745e-02
  1.66800e+01	  3.47710e-02
  1.66900e+01	  3.12295e-02
  1.67000e+01	  2.57877e-02
  1.67100e+01	  2.16271e-02
  1.67200e+01	  1.73179e-02
  1.67300e+01	  1.26252e-02
  1.67400e+01	  1.10420e-02
  1.67500e+01	  1.08659e-02
  1.67600e+01	  1.01693e-02
  1.67700e+01	  8.98837e-03
  1.67800e+01	  4.86901e-03
  1.67900e+01	  6.04792e-04
  1.68000e+01	 -3.31643e-03
  1.68100e+01	 -6.80001e-03
  1.68200e+01	 -8.34137e-03
  1.68300e+01	 -8.48858e-03
  1.68400e+01	 -5.61272e-03
  1.68500e+01	 -3.19095e-03
  1.68600e+01	 -3.40102e-03
  1.68700e+01	 -4.41678e-03
  1.68800e+01	 -8.91542e-03
  1.68900e+01	 -1.17622e-02
  1.69000e+01	 -1.35460e-02
  1.69100e+01	 -1.54460e-02
  1.69200e+01	 -1.43745e-02
  1.69300e+01	 -1.41445e-02
  1.69400e+01	 -1.12021e-02
  1.69500e+01	 -8.08967e-03
  1.69600e+01	 -4.77332e-03
  1.69700e+01	 -3.15692e-03
  1.69800e+01	 -2.93066e-03
  1.69900e+01	 -3.63967e-03
  1.70000e+01	 -5.72517e-03
  1.70100e+01	 -9.75298e-03
  1.70200e+01	 -1.30860e-02
  1.70300e+01	 -1.63058e-02
  1.70400e+01	 -1.95392e-02
  1.70500e+01	 -2.16277e-02
  1.70600e+01	 -2.20417e-02
  1.70700e+01	 -2.17076e-02
  1.70800e+01	 -1.87324e-02
  1.70900e+01	 -1.48857e-02
  1.71000e+01	 -1.14613e-02
  1.71100e+01	 -7.06456e-03
  1.71200e+01	  2.87529e-04
  1.71300e+01	  6.94300e-03
  1.71400e+01	  1.12672e-02
  1.71500e+01	  1.50101e-02
  1.71600e+01	  1.96407e-02
  1.71700e+01	  2.60077e-02
  1.71800e+01	  3.21604e-02
  1.71900e+01	  3.93067e-02
  1.72000e+01	  4.35507e-02
  1.72100e+01	  4.54865e-02
  1.72200e+01	  4.79911e-02
  1.72300e+01	  4.74216e-02
  1.72400e+01	  4.48979e-02
  1.72500e+01	  3.93883e-02
  1.72600e+01	  3.47827e-02
  1.72700e+01	  2.96621e-02
  1.72800e+01	  2.43435e-02
  1.72900e+01	  2.07303e-02
  1.73000e+01	  1.72187e-02
  1.73100e+01	  1.30390e-02
  1.73200e+01	  7.96387e-03
  1.73300e+01	  4.63871e-03
  1.73400e+01	  4.84465e-04
  1.73500e+01	 -1.99073e-03
  1.73600e+01	 -5.52882e-03
  1.73700e+01	 -9.04217e-03
  1.73800e+01	 -1.12465e-02
  1.73900e+01	 -1.31137e-02
  1.74000e+01	 -1.45180e-02
  1.74100e+01	 -1.56522e-02
  1.74200e+01	 -1.53546e-02
  1.74300e+01	 -1.48059e-02
  1.74400e+01	 -1.55598e-02
  1.74500e+01	 -1.76734e-02
  1.74600e+01	 -1.77799e-02
  1.74700e+01	 -1.64032e-02
  1.74800e+01	 -1.42292e-02
  1.74900e+01	 -1.35769e-02
  1.75000e+01	 -1.31453e-02
  1.75100e+01	 -1.27978e-02
  1.75200e+01	 -1.42353e-02
  1.75300e+01	 -1.73422e-02
  1.75400e+01	 -2.05122e-02
  1.75500e+01	 -2.24761e-02
  1.75600e+01	 -2.24963e-02
  1.75700e+01	 -2.29436e-02
  1.75800e+01	 -2.06760e-02
  1.75900e+01	 -1.67771e-02
  1.76000e+01	 -1.33792e-02
  1.76100e+01	 -1.00932e-02
  1.76200e+01	 -5.28539e-03
  1.76300e+01	 -1.52071e-04
  1.76400e+01	  2.00642e-03
  1.76500e+01	  7.22751e-03
  1.76600e+01	  1.65957e-02
  1.76700e+01	  2.50655e-02
  1.76800e+01	  3.00419e-02
  1.76900e+01	  3.82909e-02
  1.77000e+01	  4.91751e-02
  1.77100e+01	  5.63961e-02
  1.77200e+01	  6.32808e-02
  1.77300e+01	  6.72838e-02
  1.77400e+01	  7.08189e-02
  1.77500e+01	  7.23186e-02
  1.77600e+01	  7.06795e-02
  1.77700e+01	  6.44732e-02
  1.77800e+01	  5.74402e-02
  1.77900e+01	  5.08847e-02
  1.78000e+01	  4.64487e-02
  1.78100e+01	  4.22874e-02
  1.78200e+01	  3.70544e-02
  1.78300e+01	  3.15012e-02
  1.78400e+01	  2.41851e-02
  1.78500e+01	  1.73333e-02
  1.78600e+01	  6.04481e-03
  1.78700e+01	 -7.01618e-03
  1.78800e+01	 -1.66810e-02
  1.78900e+01	 -2.55475e-02
  1.79000e+01	 -3.35310e-02
  1.79100e+01	 -3.99236e-02
  1.79200e+01	 -4.40893e-02
  1.79300e+01	 -4.75499e-02
  1.79400e+01	 -4.82868e-02
  1.79500e+01	 -4.63290e-02
  1.79600e+01	 -4.38868e-02
  1.79700e+01	 -3.91220e-02
  1.79800e+01	 -3.38786e-02
  1.79900e+01	 -2.67354e-02
  1.80000e+01	 -1.92044e-02
  1.80100e+01	 -1.11654e-02
  1.80200e+01	 -4.71759e-03
  1.80300e+01	 -2.02621e-03
  1.80400e+01	  8.69442e-04
  1.80500e+01	  4.87402e-03
  1.80600e+01	  6.41643e-03
  1.80700e+01	  5.34293e-03
  1.80800e+01	  4.61750e-03
  1.80900e+01	  7.53666e-04
  1.81000e+01	 -6.97235e-04
  1.81100e+01	 -1.58961e-03
  1.81200e+01	 -3.36633e-03
  1.81300e+01	 -5.18948e-03
  1.81400e+01	 -6.24087e-03
  1.81500e+01	 -6.66187e-03
  1.81600e+01	 -9.65767e-03
  1.81700e+01	 -1.41856e-02
  1.81800e+01	 -1.65927e-02
  1.81900e+01	 -2.02476e-02
  1.82000e+01	 -2.20707e-02
  1.82100e+01	 -2.56207e-02
  1.82200e+01	 -2.89180e-02
  1.82300e+01	 -3.04087e-02
  1.82400e+01	 -3.20054e-02
  1.82500e+01	 -3.25295e-02
  1.82600e+01	 -3.30514e-02
  1.82700e+01	 -3.49180e-02
  1.82800e+01	 -3.55195e-02
  1.82900e+01	 -3.63631e-02
  1.83000e+01	 -3.65969e-02
  1.83100e+01	 -3.48506e-02
  1.83200e+01	 -3.37513e-02
  1.83300e+01	 -3.18520e-02
  1.83400e+01	 -2.85450e-02
  1.83500e+01	 -2.43662e-02
  1.83600e+01	 -2.11470e-02
  1.83700e+01	 -1.91742e-02
  1.83800e+01	 -1.82951e-02
  1.83900e+01	 -1.54562e-02
  1.84000e+01	 -1.55845e-02
  1.84100e+01	 -1.62941e-02
  1.84200e+01	 -1.56876e-02
  1.84300e+01	 -1.65820e-02
  1.84400e+01	 -2.06089e-02
  1.84500e+01	 -2.37949e-02
  1.84600e+01	 -2.93483e-02
  1.84700e+01	 -3.19827e-02
  1.84800e+01	 -3.56872e-02
  1.84900e+01	 -3.69008e-02
  1.85000e+01	 -3.63713e-02
  1.85100e+01	 -3.50020e-02
  1.85200e+01	 -3.23265e-02
  1.85300e+01	 -2.79039e-02
  1.85400e+01	 -2.51708e-02
  1.85500e+01	 -2.04210e-02
  1.85600e+01	 -1.49366e-02
  1.85700e+01	 -9.84107e-03
  1.85800e+01	 -4.96193e-03
  1.85900e+01	  9.16641e-04
  1.86000e+01	  5.37209e-03
  1.86100e+01	  9.24836e-03
  1.86200e+01	  1.22147e-02
  1.86300e+01	  1.83873e-02
  1.86400e+01	  2.39850e-02
  1.86500e+01	  2.83854e-02
  1.86600e+01	  3.17039e-02
  1.86700e+01	  3.66211e-02
  1.86800e+01	  4.03440e-02
  1.86900e+01	  4.36523e-02
  1.87000e+01	  4.69196e-02
  1.87100e+01	  4.77768e-02
  1.87200e+01	  4.91339e-02
  1.87300e+01	  5.07540e-02
  1.87400e+01	  5.55201e-02
  1.87500e+01	  5.98962e-02
  1.87600e+01	  6.54398e-02
  1.87700e+01	  6.81962e-02
  1.87800e+01	  6.80017e-02
  1.87900e+01	  6.76994e-02
  1.88000e+01	  6.50690e-02
  1.88100e+01	  5.90241e-02
  1.88200e+01	  5.25167e-02
  1.88300e+01	  4.90143e-02
  1.88400e+01	  4.56575e-02
  1.88500e+01	  4.30491e-02
  1.88600e+01	  4.28490e-02
  1.88700e+01	  4.11122e-02
  1.88800e+01	  3.89176e-02
  1.88900e+01	  3.52924e-02
  1.89000e+01	  2.75168e-02
  1.89100e+01	  1.96780e-02
  1.89200e+01	  1.30252e-02
  1.89300e+01	  4.07572e-03
  1.89400e+01	 -3.18808e-03
  1.89500e+01	 -8.51457e-03
  1.89600e+01	 -1.07172e-02
  1.89700e+01	 -1.44620e-02
  1.89800e+01	 -1.69044e-02
  1.89900e+01	 -1.75676e-02
  1.90000e+01	 -1.99761e-02
  1.90100e+01	 -2.24817e-02
  1.90200e+01	 -2.47216e-02
  1.90300e+01	 -2.89310e-02
  1.90400e+01	 -3.20359e-02
  1.90500e+01	 -3.32796e-02
  1.90600e+01	 -4.07910e-02
  1.90700e+01	 -4.66837e-02
  1.90800e+01	 -4.74124e-02
  1.90900e+01	 -4.90108e-02
  1.91000e+01	 -5.17431e-02
  1.91100e+01	 -5.26823e-02
  1.91200e+01	 -5.14098e-02
  1.91300e+01	 -4.80386e-02
  1.91400e+01	 -4.49135e-02
  1.91500e+01	 -4.18509e-02
  1.91600e+01	 -3.98119e-02
  1.91700e+01	 -3.83578e-02
  1.91800e+01	 -3.64788e-02
  1.91900e+01	 -3.47077e-02
  1.92000e+01	 -3.09167e-02
  1.92100e+01	 -2.76425e-02
  1.92200e+01	 -2.61576e-02
  1.92300e+01	 -2.49641e-02
  1.92400e+01	 -2.19867e-02
  1.92500e+01	 -2.00032e-02
  1.92600e+01	 -1.86977e-02
  1.92700e+01	 -1.53147e-02
  1.92800e+01	 -1.14206e-02
  1.92900e+01	 -9.42438e-03
  1.93000e+01	 -8.73090e-03
  1.93100e+01	 -8.08039e-03
  1.93200e+01	 -7.17338e-03
  1.93300e+01	 -7.30258e-03
  1.93400e+01	 -8.03635e-03
  1.93500e+01	 -7.27244e-03
  1.93600e+01	 -6.35580e-03
  1.93700e+01	 -4.07830e-03
  1.93800e+01	 -2.89708e-03
  1.93900e+01	 -8.23514e-04
  1.94000e+01	  2.75711e-03
  1.94100e+01	  3.12125e-03
  1.94200e+01	  5.07223e-03
  1.94300e+01	  8.37488e-03
  1.94400e+01	  1.12080e-02
  1.94500e+01	  1.45611e-02
  1.94600e+01	  1.98618e-02
  1.94700e+01	  2.20049e-02
  1.94800e+01	  2.47953e-02
  1.94900e+01	  2.92915e-02
  1.95000e+01	  3.25137e-02
  1.95100e+01	  3.45151e-02
  1.95200e+01	  3.49756e-02
  1.95300e+01	  3.51404e-02
  1.95400e+01	  3.37314e-02
  1.95500e+01	  3.13117e-02
  1.95600e+01	  2.90122e-02
  1.95700e+01	  2.70325e-02
  1.95800e+01	  2.46786e-02
  1.95900e+01	  2.27169e-02
  1.96000e+01	  1.85661e-02
  1.96100e+01	  1.46837e-02
  1.96200e+01	  1.09924e-02
  1.96300e+01	  6.66594e-03
  1.96400e+01	  3.95618e-03
  1.96500e+01	  1.67090e-03
  1.96600e+01	  1.04754e-03
  1.96700e+01	  1.32764e-03
  1.96800e+01	  1.40423e-03
  1.96900e+01	  1.56744e-03
  1.97000e+01	  1.76508e-03
  1.97100e+01	  1.82464e-03
  1.97200e+01	  2.46386e-03
  1.97300e+01	  4.10232e-03
  1.97400e+01	  6.42211e-03
  1.97500e+01	  1.15150e-02
  1.97600e+01	  1.65522e-02
  1.97700e+01	  1.92356e-02
  1.97800e+01	  2.14979e-02
  1.97900e+01	  2.52342e-02
  1.98000e+01	  2.73191e-02
  1.98100e+01	  2.87561e-02
  1.98200e+01	  2.87258e-02
  1.98300e+01	  2.76078e-02
  1.98400e+01	  2.66221e-02
  1.98500e+01	  2.57515e-02
  1.98600e+01	  2.46483e-02
  1.98700e+01	  2.35484e-02
  1.98800e+01	  2.08847e-02
  1.98900e+01	  1.72218e-02
  1.99000e+01	  1.45188e-02
  1.99100e+01	  1.29570e-02
  1.99200e+01	  9.75031e-03
  1.99300e+01	  7.91650e-03
  1.99400e+01	  8.06508e-03
  1.99500e+01	  9.39854e-03
  1.99600e+01	  9.16018e-03
  1.99700e+01	  9.49639e-03
  1.99800e+01	  1.16695e-02
  1.99900e+01	  1.35221e-02
  2.00000e+01	  1.43068e-02
  2.00100e+01	  1.65971e-02
  2.00200e+01	  1.79962e-02
  2.00300e+01	  2.17911e-02
  2.00400e+01	  2.37109e-02
  2.00500e+01	  2.34390e-02
  2.00600e+01	  2.29242e-02
  2.00700e+01	  1.92084e-02
  2.00800e+01	  1.64438e-02
  2.00900e+01	  1.41520e-02
  2.01000e+01	  1.21256e-02
  2.01100e+01	  8.93394e-03
  2.01200e+01	  4.41526e-03
  2.01300e+01	  3.10673e-03
  2.01400e+01	  2.00310e-03
  2.01500e+01	 -1.39389e-03
  2.01600e+01	 -2.84557e-03
  2.01700e+01	 -4.94894e-03
  2.01800e+01	 -7.97871e-03
  2.01900e+01	 -1.08192e-02
  2.02000e+01	 -1.21734e-02
  2.02100e+01	 -1.20445e-02
  2.02200e+01	 -1.19849e-02
  2.02300e+01	 -1.20032e-02
  2.02400e+01	 -1.19533e-02
  2.02500e+01	 -1.16983e-02
  2.02600e+01	 -1.15796e-02
  2.02700e+01	 -8.55447e-03
  2.02800e+01	 -6.76568e-03
  2.02900e+01	 -7.38977e-03
  2.03000e+01	 -7.28655e-03
  2.03100e+01	 -7.27031e-03
  2.03200e+01	 -7.29733e-03
  2.03300e+01	 -7.57598e-03
  2.03400e+01	 -7.55072e-03
  2.03500e+01	 -7.58869e-03
  2.03600e+01	 -8.48871e-03
  2.03700e+01	 -1.12397e-02
  2.03800e+01	 -1.37689e-02
  2.03900e+01	 -1.59262e-02
  2.04000e+01	 -1.65799e-02
  2.04100e+01	 -1.85360e-02
  2.04200e+01	 -1.98254e-02
  2.04300e+01	 -1.93639e-02
  2.04400e+01	 -1.89809e-02
  2.04500e+01	 -2.04255e-02
  2.04600e+01	 -2.22997e-02
  2.04700e+01	 -2.18027e-02
  2.04800e+01	 -2.11069e-02
  2.04900e+01	 -1.94025e-02
  2.05000e+01	 -1.75086e-02
  2.05100e+01	 -1.53492e-02
  2.05200e+01	 -1.26269e-02
  2.05300e+01	 -1.13244e-02
  2.05400e+01	 -9.60646e-03
  2.05500e+01	 -9.29256e-03
  2.05600e+01	 -9.16449e-03
  2.05700e+01	 -1.08017e-02
  2.05800e+01	 -1.27380e-02
  2.05900e+01	 -1.27063e-02
  2.06000e+01	 -1.30796e-02
  2.06100e+01	 -1.56081e-02
  2.06200e+01	 -1.78650e-02
  2.06300e+01	 -2.09700e-02
  2.06400e+01	 -2.26181e-02
  2.06500e+01	 -2.44680e-02
  2.06600e+01	 -2.51255e-02
  2.06700e+01	 -2.52328e-02
  2.06800e+01	 -2.43321e-02
  2.06900e+01	 -2.29644e-02
  2.07000e+01	 -2.04273e-02
  2.07100e+01	 -1.99082e-02
  2.07200e+01	 -2.07361e-02
  2.07300e+01	 -1.97541e-02
  2.07400e+01	 -2.01304e-02
  2.07500e+01	 -2.01852e-02
  2.07600e+01	 -1.90143e-02
  2.07700e+01	 -1.74044e-02
  2.07800e+01	 -1.30800e-02
  2.07900e+01	 -8.28699e-03
  2.08000e+01	 -2.24690e-03
  2.08100e+01	  3.99892e-03
  2.08200e+01	  7.52659e-03
  2.08300e+01	  1.07596e-02
  2.08400e+01	  1.11437e-02
  2.08500e+01	  1.06248e-02
  2.08600e+01	  1.20055e-02
  2.08700e+01	  1.26514e-02
  2.08800e+01	  1.20734e-02
  2.08900e+01	  1.18571e-02
  2.09000e+01	  1.15310e-02
  2.09100e+01	  1.11965e-02
  2.09200e+01	  1.08667e-02
  2.09300e+01	  1.04231e-02
  2.09400e+01	  8.51078e-03
  2.09500e+01	  8.51787e-03
  2.09600e+01	  9.86322e-03
  2.09700e+01	  9.70590e-03
  2.09800e+01	  9.20854e-03
  2.09900e+01	  9.42964e-03
  2.10000e+01	  1.10812e-02
  2.10100e+01	  1.37734e-02
  2.10200e+01	  1.45354e-02
  2.10300e+01	  1.66341e-02
  2.10400e+01	  1.85299e-02
  2.10500e+01	  2.12924e-02
  2.10600e+01	  2.48999e-02
  2.10700e+01	  2.59564e-02
  2.10800e+01	  2.92149e-02
  2.10900e+01	  3.39186e-02
  2.11000e+01	  3.48754e-02
  2.11100e+01	  3.59664e-02
  2.11200e+01	  3.63226e-02
  2.11300e+01	  3.44498e-02
  2.11400e+01	  3.30700e-02
  2.11500e+01	  3.06022e-02
  2.11600e+01	  2.77883e-02
  2.11700e+01	  2.63300e-02
  2.11800e+01	  2.51947e-02
  2.11900e+01	  2.37627e-02
  2.12000e+01	  2.19521e-02
  2.12100e+01	  1.70993e-02
  2.12200e+01	  1.31456e-02
  2.12300e+01	  9.44380e-03
  2.12400e+01	  3.82686e-03
  2.12500e+01	  1.18935e-03
  2.12600e+01	 -2.87509e-03
  2.12700e+01	 -6.26642e-03
  2.12800e+01	 -1.01848e-02
  2.12900e+01	 -1.25913e-02
  2.13000e+01	 -1.58542e-02
  2.13100e+01	 -2.02439e-02
  2.13200e+01	 -2.20271e-02
  2.13300e+01	 -2.42963e-02
  2.13400e+01	 -2.39792e-02
  2.13500e+01	 -2.30249e-02
  2.13600e+01	 -2.05802e-02
  2.13700e+01	 -1.51345e-02
  2.13800e+01	 -1.03793e-02
  2.13900e+01	 -6.69920e-03
  2.14000e+01	 -2.73629e-03
  2.14100e+01	 -9.34821e-05
  2.14200e+01	  2.11179e-03
  2.14300e+01	  4.25810e-03
  2.14400e+01	  6.50861e-03
  2.14500e+01	  8.65762e-03
  2.14600e+01	  1.05565e-02
  2.14700e+01	  1.23167e-02
  2.14800e+01	  1.25157e-02
  2.14900e+01	  1.34762e-02
  2.15000e+01	  1.49180e-02
  2.15100e+01	  1.49555e-02
  2.15200e+01	  1.63577e-02
  2.15300e+01	  1.65834e-02
  2.15400e+01	  1.70993e-02
  2.15500e+01	  1.83973e-02
  2.15600e+01	  1.76479e-02
  2.15700e+01	  1.61660e-02
  2.15800e+01	  1.50047e-02
  2.15900e+01	  1.22731e-02
  2.16000e+01	  7.26450e-03
  2.16100e+01	  4.14085e-03
  2.16200e+01	 -6.88268e-04
  2.16300e+01	 -8.13331e-03
  2.16400e+01	 -1.45425e-02
  2.16500e+01	 -1.97899e-02
  2.16600e+01	 -2.44285e-02
  2.16700e+01	 -2.79631e-02
  2.16800e+01	 -3.14951e-02
  2.16900e+01	 -3.37583e-02
  2.17000e+01	 -3.53080e-02
  2.17100e+01	 -3.72086e-02
  2.17200e+01	 -3.86960e-02
  2.17300e+01	 -4.04145e-02
  2.17400e+01	 -4.17931e-02
  2.17500e+01	 -4.30417e-02
  2.17600e+01	 -4.36795e-02
  2.17700e+01	 -4.42219e-02
  2.17800e+01	 -4.40385e-02
  2.17900e+01	 -4.41956e-02
  2.18000e+01	 -4.55550e-02
  2.18100e+01	 -4.45524e-02
  2.18200e+01	 -4.22862e-02
  2.18300e+01	 -4.09066e-02
  2.18400e+01	 -3.59050e-02
  2.18500e+01	 -3.34243e-02
  2.18600e+01	 -3.07337e-02
  2.18700e+01	 -2.66008e-02
  2.18800e+01	 -2.52750e-02
  2.18900e+01	 -2.43502e-02
  2.19000e+01	 -2.17985e-02
  2.19100e+01	 -2.17065e-02
  2.19200e+01	 -2.13980e-02
  2.19300e+01	 -2.01158e-02
  2.19400e+01	 -1.93081e-02
  2.19500e+01	 -1.82508e-02
  2.19600e+01	 -1.74098e-02
  2.19700e+01	 -1.62297e-02
  2.19800e+01	 -1.56346e-02
  2.19900e+01	 -1.24693e-02
  2.20000e+01	 -9.19250e-03
  2.20100e+01	 -8.69796e-03
  2.20200e+01	 -8.16013e-03
  2.20300e+01	 -7.29357e-03
  2.20400e+01	 -5.96708e-03
  2.20500e+01	 -2.81692e-03
  2.20600e+01	 -9.71561e-04
  2.20700e+01	 -6.21518e-04
  2.20800e+01	 -3.58252e-04
  2.20900e+01	  2.75175e-04
  2.21000e+01	 -4.41914e-04
  2.21100e+01	 -1.27700e-03
  2.21200e+01	 -3.56999e-03
  2.21300e+01	 -5.10347e-03
  2.21400e+01	 -5.92300e-03
  2.21500e+01	 -5.96779e-03
  2.21600e+01	 -4.32863e-03
  2.21700e+01	 -1.18320e-03
  2.21800e+01	  2.13312e-03
  2.21900e+01	  6.15153e-03
  2.22000e+01	  8.26086e-03
  2.22100e+01	  1.01721e-02
  2.22200e+01	  1.26450e-02
  2.22300e+01	  1.24304e-02
  2.22400e+01	  1.22814e-02
  2.22500e+01	  8.77280e-03
  2.22600e+01	  5.72306e-03
  2.22700e+01	  2.89785e-03
  2.22800e+01	  6.77398e-05
  2.22900e+01	 -1.15890e-03
  2.23000e+01	 -1.74526e-03
  2.23100e+01	 -3.05147e-03
  2.23200e+01	 -4.62642e-03
  2.23300e+01	 -4.93870e-03
  2.23400e+01	 -6.59222e-03
  2.23500e+01	 -7.65632e-03
  2.23600e+01	 -6.52893e-03
  2.23700e+01	 -5.75122e-03
  2.23800e+01	 -4.96280e-03
  2.23900e+01	 -4.29418e-03
  2.24000e+01	 -3.43692e-03
  2.24100e+01	 -2.80332e-03
  2.24200e+01	 -1.89497e-03
  2.24300e+01	 -1.68382e-03
  2.24400e+01	 -1.86450e-03
  2.24500e+01	 -4.78234e-04
  2.24600e+01	  2.03397e-03
  2.24700e+01	  3.63070e-03
  2.24800e+01	  7.16059e-03
  2.24900e+01	  9.62477e-03
  2.25000e+01	  1.38900e-02
  2.25100e+01	  1.88419e-02
  2.25200e+01	  2.14842e-02
  2.25300e+01	  2.37466e-02
  2.25400e+01	  2.62392e-02
  2.25500e+01	  2.82874e-02
  2.25600e+01	  3.07245e-02
  2.25700e+01	  3.52817e-02
  2.25800e+01	  3.78663e-02
  2.25900e+01	  3.93238e-02
  2.26000e+01	  4.19543e-02
  2.26100e+01	  4.14548e-02
  2.26200e+01	  4.01173e-02
  2.26300e+01	  3.90098e-02
  2.26400e+01	  3.80906e-02
  2.26500e+01	  3.67623e-02
  2.26600e+01	  3.72715e-02
  2.26700e+01	  3.88372e-02
  2.26800e+01	  4.03629e-02
  2.26900e+01	  4.13502e-02
  2.27000e+01	  4.38204e-02
  2.27100e+01	  4.48063e-02
  2.27200e+01	  4.65709e-02
  2.27300e+01	  4.96402e-02
  2.27400e+01	  4.91495e-02
  2.27500e+01	  4.84694e-02
  2.27600e+01	  4.69132e-02
  2.27700e+01	  4.61026e-02
  2.27800e+01	  4.39551e-02
  2.27900e+01	  4.09810e-02
  2.28000e+01	  3.96876e-02
  2.28100e+01	  3.66514e-02
  2.28200e+01	  3.37138e-02
  2.28300e+01	  2.89496e-02
  2.28400e+01	  2.24626e-02
  2.28500e+01	  1.79990e-02
  2.28600e+01	  1.39815e-02
  2.28700e+01	  8.58424e-03
  2.28800e+01	  5.24453e-03
  2.28900e+01	  8.13898e-04
  2.29000e+01	 -1.94105e-03
  2.29100e+01	 -5.95875e-03
  2.29200e+01	 -9.18958e-03
  2.29300e+01	 -1.28218e-02
  2.29400e+01	 -1.65219e-02
  2.29500e+01	 -1.87480e-02
  2.29600e+01	 -2.09756e-02
  2.29700e+01	 -2.32747e-02
  2.29800e+01	 -2.41563e-02
  2.29900e+01	 -2.35088e-02
  2.30000e+01	 -2.27112e-02
  2.30100e+01	 -2.25076e-02
  2.30200e+01	 -2.09842e-02
  2.30300e+01	 -1.98711e-02
  2.30400e+01	 -2.04366e-02
  2.30500e+01	 -2.14579e-02
  2.30600e+01	 -2.15096e-02
  2.30700e+01	 -2.08176e-02
  2.30800e+01	 -1.93661e-02
  2.30900e+01	 -1.63993e-02
  2.31000e+01	 -1.30544e-02
  2.31100e+01	 -1.00284e-02
  2.31200e+01	 -5.54870e-03
  2.31300e+01	 -2.07216e-03
  2.31400e+01	 -5.22132e-04
  2.31500e+01	 -4.68131e-04
  2.31600e+01	 -6.54635e-04
  2.31700e+01	 -6.99021e-04
  2.31800e+01	 -8.15796e-04
  2.31900e+01	 -2.63721e-04
  2.32000e+01	  2.17548e-03
  2.32100e+01	  4.60623e-03
  2.32200e+01	  6.76308e-03
  2.32300e+01	  8.76898e-03
  2.32400e+01	  9.01631e-03
  2.32500e+01	  8.16980e-03
  2.32600e+01	  9.77844e-03
  2.32700e+01	  1.18474e-02
  2.32800e+01	  1.11789e-02
  2.32900e+01	  1.24374e-02
  2.33000e+01	  1.42109e-02
  2.33100e+01	  1.33717e-02
  2.33200e+01	  1.23505e-02
  2.33300e+01	  1.15888e-02
  2.33400e+01	  9.31090e-03
  2.33500e+01	  5.59018e-03
  2.33600e+01	  3.38205e-03
  2.33700e+01	  7.10595e-04
  2.33800e+01	 -3.47012e-03
  2.33900e+01	 -6.21459e-03
  2.34000e+01	 -7.03109e-03
  2.34100e+01	 -9.29601e-03
  2.34200e+01	 -1.22620e-02
  2.34300e+01	 -1.35217e-02
  2.34400e+01	 -1.31305e-02
  2.34500e+01	 -1.47557e-02
  2.34600e+01	 -1.69103e-02
  2.34700e+01	 -1.75908e-02
  2.34800e+01	 -1.83034e-02
  2.34900e+01	 -1.81669e-02
  2.35000e+01	 -1.74836e-02
  2.35100e+01	 -1.65967e-02
  2.35200e+01	 -1.29308e-02
  2.35300e+01	 -1.17966e-02
  2.35400e+01	 -1.09128e-02
  2.35500e+01	 -9.20254e-03
  2.35600e+01	 -1.05973e-02
  2.35700e+01	 -1.30612e-02
  2.35800e+01	 -1.30988e-02
  2.35900e+01	 -1.24137e-02
  2.36000e+01	 -1.22598e-02
  2.36100e+01	 -1.19176e-02
  2.36200e+01	 -1.16355e-02
  2.36300e+01	 -1.12250e-02
  2.36400e+01	 -1.10113e-02
  2.36500e+01	 -9.67218e-03
  2.36600e+01	 -7.96626e-03
  2.36700e+01	 -6.16823e-03
  2.36800e+01	 -1.88097e-03
  2.36900e+01	  1.44285e-03
  2.37000e+01	  3.59290e-03
  2.37100e+01	  6.16173e-03
  2.37200e+01	  7.32096e-03
  2.37300e+01	  6.90285e-03
  2.37400e+01	  8.28756e-03
  2.37500e+01	  1.02498e-02
  2.37600e+01	  1.06783e-02
  2.37700e+01	  1.24473e-02
  2.37800e+01	  1.32471e-02
  2.37900e+01	  1.24142e-02
  2.38000e+01	  1.13788e-02
  2.38100e+01	  9.30384e-03
  2.38200e+01	  7.45281e-03
  2.38300e+01	  5.60335e-03
  2.38400e+01	  5.12858e-03
  2.38500e+01	  4.92552e-03
  2.38600e+01	  6.59931e-03
  2.38700e+01	  6.78586e-03
  2.38800e+01	  3.27459e-03
  2.38900e+01	  2.42582e-03
  2.39000e+01	  2.52709e-03
  2.39100e+01	  1.18734e-04
  2.39200e+01	 -2.67459e-03
  2.39300e+01	 -6.52693e-03
  2.39400e+01	 -9.58472e-03
  2.39500e+01	 -1.07223e-02
  2.39600e+01	 -1.17413e-02
  2.39700e+01	 -1.28556e-02
  2.39800e+01	 -1.14628e-02
  2.39900e+01	 -7.24948e-03
  2.40000e+01	 -4.37315e-03
  2.40100e+01	 -3.07026e-03
  2.40200e+01	 -2.14760e-03
  2.40300e+01	 -2.69613e-03
  2.40400e+01	 -4.44599e-03
  2.40500e+01	 -5.71570e-03
  2.40600e+01	 -7.00567e-03
  2.40700e+01	 -8.30352e-03
  2.40800e+01	 -1.08623e-02
  2.40900e+01	 -1.13902e-02
  2.41000e+01	 -1.08689e-02
  2.41100e+01	 -1.07222e-02
  2.41200e+01	 -1.05622e-02
  2.41300e+01	 -1.03211e-02
  2.41400e+01	 -1.01279e-02
  2.41500e+01	 -9.84496e-03
  2.41600e+01	 -9.65378e-03
  2.41700e+01	 -9.34611e-03
  2.41800e+01	 -9.28808e-03
  2.41900e+01	 -9.19226e-03
  2.42000e+01	 -1.08277e-02
  2.42100e+01	 -1.26875e-02
  2.42200e+01	 -1.26701e-02
  2.42300e+01	 -1.19943e-02
  2.42400e+01	 -1.45085e-02
  2.42500e+01	 -1.63790e-02
  2.42600e+01	 -1.52468e-02
  2.42700e+01	 -1.57671e-02
  2.42800e+01	 -1.83979e-02
  2.42900e+01	 -1.94215e-02
  2.43000e+01	 -1.95724e-02
  2.43100e+01	 -2.04868e-02
  2.43200e+01	 -2.24616e-02
  2.43300e+01	 -2.42114e-02
  2.43400e+01	 -2.58496e-02
  2.43500e+01	 -2.63343e-02
  2.43600e+01	 -2.65331e-02
  2.43700e+01	 -2.79548e-02
  2.43800e+01	 -2.73215e-02
  2.43900e+01	 -2.59197e-02
  2.44000e+01	 -2.47580e-02
  2.44100e+01	 -2.36357e-02
  2.44200e+01	 -2.23788e-02
  2.44300e+01	 -2.12552e-02
  2.44400e+01	 -2.02216e-02
  2.44500e+01	 -1.91773e-02
  2.44600e+01	 -1.80067e-02
  2.44700e+01	 -1.69805e-02
  2.44800e+01	 -1.59075e-02
  2.44900e+01	 -1.46751e-02
  2.45000e+01	 -1.15783e-02
  2.45100e+01	 -7.88810e-03
  2.45200e+01	 -4.55061e-03
  2.45300e+01	 -1.39217e-03
  2.45400e+01	  1.53154e-03
  2.45500e+01	  2.58881e-03
  2.45600e+01	  2.77020e-03
  2.45700e+01	  3.28401e-03
  2.45800e+01	  3.65519e-03
  2.45900e+01	  5.25674e-03
  2.46000e+01	  8.19061e-03
  2.46100e+01	  1.14064e-02
  2.46200e+01	  1.62161e-02
  2.46300e+01	  2.06125e-02
  2.46400e+01	  2.27413e-02
  2.46500e+01	  2.62576e-02
  2.46600e+01	  2.92017e-02
  2.46700e+01	  2.86088e-02
  2.46800e+01	  2.92702e-02
  2.46900e+01	  3.16379e-02
  2.47000e+01	  3.07684e-02
  2.47100e+01	  2.95225e-02
  2.47200e+01	  2.89712e-02
  2.47300e+01	  2.71180e-02
  2.47400e+01	  2.30972e-02
  2.47500e+01	  2.17804e-02
  2.47600e+01	  2.15639e-02
  2.47700e+01	  2.07423e-02
  2.47800e+01	  1.97388e-02
  2.47900e+01	  1.69802e-02
  2.48000e+01	  1.42678e-02
  2.48100e+01	  1.39553e-02
  2.48200e+01	  1.08142e-02
  2.48300e+01	  8.45461e-03
  2.48400e+01	  8.27943e-03
  2.48500e+01	  6.31780e-03
  2.48600e+01	  5.69493e-03
  2.48700e+01	  7.02777e-03
  2.48800e+01	  8.32783e-03
  2.48900e+01	  9.21050e-03
  2.49000e+01	  1.04189e-02
  2.49100e+01	  1.04520e-02
  2.49200e+01	  9.34323e-03
  2.49300e+01	  6.05154e-03
  2.49400e+01	  3.85734e-03
  2.49500e+01	  1.94689e-03
  2.49600e+01	 -7.45572e-04
  2.49700e+01	 -2.78320e-03
  2.49800e+01	 -1.31738e-03
  2.49900e+01	  1.55560e-03
  2.50000e+01	  3.78769e-03
  2.50100e+01	  4.95774e-03
  2.50200e+01	  8.82987e-03
  2.50300e+01	  1.07946e-02
  2.50400e+01	  1.13289e-02
  2.50500e+01	  1.35671e-02
  2.50600e+01	  1.40344e-02
  2.50700e+01	  1.32758e-02
  2.50800e+01	  1.28518e-02
  2.50900e+01	  1.24677e-02
  2.51000e+01	  1.19294e-02
  2.51100e+01	  1.13829e-02
  2.51200e+01	  1.09745e-02
  2.51300e+01	  1.05034e-02
  2.51400e+01	  1.01148e-02
  2.51500e+01	  9.57984e-03
  2.51600e+01	  1.04311e-02
  2.51700e+01	  1.24962e-02
  2.51800e+01	  1.26495e-02
  2.51900e+01	  1.18277e-02
  2.52000e+01	  1.13776e-02
  2.52100e+01	  1.08293e-02
  2.52200e+01	  1.02932e-02
  2.52300e+01	  9.68570e-03
  2.52400e+01	  9.14393e-03
  2.52500e+01	  9.24816e-03
  2.52600e+01	  1.11951e-02
  2.52700e+01	  1.20939e-02
  2.52800e+01	  1.13634e-02
  2.52900e+01	  1.25753e-02
  2.53000e+01	  1.43492e-02
  2.53100e+01	  1.37488e-02
  2.53200e+01	  1.27527e-02
  2.53300e+01	  1.22092e-02
  2.53400e+01	  1.16436e-02
  2.53500e+01	  1.27697e-02
  2.53600e+01	  1.41514e-02
  2.53700e+01	  1.34532e-02
  2.53800e+01	  1.24978e-02
  2.53900e+01	  1.18162e-02
  2.54000e+01	  1.10523e-02
  2.54100e+01	  1.01919e-02
  2.54200e+01	  8.80156e-03
  2.54300e+01	  5.57758e-03
  2.54400e+01	  3.41683e-03
  2.54500e+01	  1.52478e-03
  2.54600e+01	 -1.60740e-03
  2.54700e+01	 -2.47142e-03
  2.54800e+01	 -2.55742e-03
  2.54900e+01	 -3.93841e-03
  2.55000e+01	 -8.22108e-03
  2.55100e+01	 -1.06978e-02
  2.55200e+01	 -1.17929e-02
  2.55300e+01	 -1.22841e-02
  2.55400e+01	 -1.20690e-02
  2.55500e+01	 -1.21064e-02
  2.55600e+01	 -1.19725e-02
  2.55700e+01	 -1.19876e-02
  2.55800e+01	 -1.17586e-02
  2.55900e+01	 -1.17441e-02
  2.56000e+01	 -1.15404e-02
  2.56100e+01	 -1.15236e-02
  2.56200e+01	 -1.20092e-02
  2.56300e+01	 -1.51389e-02
  2.56400e+01	 -1.59464e-02
  2.56500e+01	 -1.49917e-02
  2.56600e+01	 -1.75114e-02
  2.56700e+01	 -1.95263e-02
  2.56800e+01	 -1.86046e-02
  2.56900e+01	 -1.81000e-02
  2.57000e+01	 -1.77900e-02
  2.57100e+01	 -1.74883e-02
  2.57200e+01	 -1.70263e-02
  2.57300e+01	 -1.66254e-02
  2.57400e+01	 -1.61230e-02
  2.57500e+01	 -1.57500e-02
  2.57600e+01	 -1.52852e-02
  2.57700e+01	 -1.50060e-02
  2.57800e+01	 -1.42508e-02
  2.57900e+01	 -1.19826e-02
  2.58000e+01	 -9.23540e-03
  2.58100e+01	 -9.28652e-03
  2.58200e+01	 -6.74302e-03
  2.58300e+01	 -3.98924e-03
  2.58400e+01	 -2.39244e-03
  2.58500e+01	 -2.55546e-04
  2.58600e+01	  7.87713e-04
  2.58700e+01	  2.82775e-03
  2.58800e+01	  4.09761e-03
  2.58900e+01	  3.52081e-03
  2.59000e+01	  3.38015e-03
  2.59100e+01	  2.96610e-03
  2.59200e+01	  2.79273e-03
  2.59300e+01	  2.27881e-03
  2.59400e+01	  5.09847e-03
  2.59500e+01	  6.57382e-03
  2.59600e+01	  5.87766e-03
  2.59700e+01	  3.79690e-03
  2.59800e+01	  5.30230e-04
  2.59900e+01	  1.84501e-04
  2.60000e+01	  2.66382e-04
  2.60100e+01	 -2.03725e-04
  2.60200e+01	 -4.46920e-04
  2.60300e+01	 -6.51028e-04
  2.60400e+01	 -7.42994e-04
  2.60500e+01	 -9.94855e-04
  2.60600e+01	 -1.10317e-03
  2.60700e+01	 -1.45104e-03
  2.60800e+01	 -2.10500e-03
  2.60900e+01	 -4.73267e-03
  2.61000e+01	 -6.26440e-03
  2.61100e+01	 -7.63017e-03
  2.61200e+01	 -9.02513e-03
  2.61300e+01	 -9.73832e-03
  2.61400e+01	 -1.01025e-02
  2.61500e+01	 -9.94068e-03
  2.61600e+01	 -9.68915e-03
  2.61700e+01	 -9.61738e-03
  2.61800e+01	 -9.81142e-03
  2.61900e+01	 -1.18448e-02
  2.62000e+01	 -1.34010e-02
  2.62100e+01	 -1.29012e-02
  2.62200e+01	 -1.40728e-02
  2.62300e+01	 -1.63904e-02
  2.62400e+01	 -1.62155e-02
  2.62500e+01	 -1.53908e-02
  2.62600e+01	 -1.49810e-02
  2.62700e+01	 -1.46380e-02
  2.62800e+01	 -1.40771e-02
  2.62900e+01	 -1.39977e-02
  2.63000e+01	 -1.50077e-02
  2.63100e+01	 -1.48689e-02
  2.63200e+01	 -1.28609e-02
  2.63300e+01	 -1.28759e-02
  2.63400e+01	 -1.50531e-02
  2.63500e+01	 -1.47056e-02
  2.63600e+01	 -1.53217e-02
  2.63700e+01	 -1.79483e-02
  2.63800e+01	 -1.73650e-02
  2.63900e+01	 -1.62570e-02
  2.64000e+01	 -1.56227e-02
  2.64100e+01	 -1.54465e-02
  2.64200e+01	 -1.61481e-02
  2.64300e+01	 -1.56711e-02
  2.64400e+01	 -1.46322e-02
  2.64500e+01	 -1.40106e-02
  2.64600e+01	 -1.31516e-02
  2.64700e+01	 -1.29854e-02
  2.64800e+01	 -1.45794e-02
  2.64900e+01	 -1.58382e-02
  2.65000e+01	 -1.45776e-02
  2.65100e+01	 -1.65530e-02
  2.65200e+01	 -1.78479e-02
  2.65300e+01	 -1.86294e-02
  2.65400e+01	 -1.96255e-02
  2.65500e+01	 -1.77317e-02
  2.65600e+01	 -1.51614e-02
  2.65700e+01	 -1.41685e-02
  2.65800e+01	 -1.18830e-02
  2.65900e+01	 -9.64301e-03
  2.66000e+01	 -7.49928e-03
  2.66100e+01	 -5.41755e-03
  2.66200e+01	 -3.54934e-03
  2.66300e+01	 -1.44943e-03
  2.66400e+01	  1.62415e-03
  2.66500e+01	  2.69464e-03
  2.66600e+01	  3.48401e-03
  2.66700e+01	  5.38570e-03
  2.66800e+01	  7.03693e-03
  2.66900e+01	  8.37772e-03
  2.67000e+01	  1.01909e-02
  2.67100e+01	  1.24456e-02
  2.67200e+01	  1.07959e-02
  2.67300e+01	  8.51125e-03
  2.67400e+01	  9.48456e-03
  2.67500e+01	  1.07220e-02
  2.67600e+01	  1.20879e-02
  2.67700e+01	  1.21960e-02
  2.67800e+01	  1.32883e-02
  2.67900e+01	  1.45730e-02
  2.68000e+01	  1.57946e-02
  2.68100e+01	  1.63022e-02
  2.68200e+01	  1.71624e-02
  2.68300e+01	  2.01679e-02
  2.68400e+01	  1.99320e-02
  2.68500e+01	  2.19387e-02
  2.68600e+01	  2.53498e-02
  2.68700e+01	  2.72442e-02
  2.68800e+01	  2.90460e-02
  2.68900e+01	  2.99811e-02
  2.69000e+01	  3.12462e-02
  2.69100e+01	  3.30179e-02
  2.69200e+01	  3.17871e-02
  2.69300e+01	  3.04324e-02
  2.69400e+01	  2.72713e-02
  2.69500e+01	  2.47949e-02
  2.69600e+01	  2.16152e-02
  2.69700e+01	  1.84163e-02
  2.69800e+01	  1.63962e-02
  2.69900e+01	  1.47690e-02
  2.70000e+01	  1.27489e-02
  2.70100e+01	  1.29630e-02
  2.70200e+01	  1.18798e-02
  2.70300e+01	  8.75299e-03
  2.70400e+01	  7.38831e-03
  2.70500e+01	  5.58872e-03
  2.70600e+01	  2.00884e-03
  2.70700e+01	 -1.39813e-03
  2.70800e+01	 -1.22655e-03
  2.70900e+01	 -8.95930e-04
  2.71000e+01	 -8.17066e-04
  2.71100e+01	 -3.97984e-04
  2.71200e+01	  2.25963e-03
  2.71300e+01	  4.05631e-03
  2.71400e+01	  4.14524e-03
  2.71500e+01	  4.03038e-03
  2.71600e+01	  5.68827e-03
  2.71700e+01	  6.65695e-03
  2.71800e+01	  8.10613e-03
  2.71900e+01	  8.07629e-03
  2.72000e+01	  1.01507e-02
  2.72100e+01	  1.23367e-02
  2.72200e+01	  1.30370e-02
  2.72300e+01	  1.39393e-02
  2.72400e+01	  1.41168e-02
  2.72500e+01	  1.34675e-02
  2.72600e+01	  1.38639e-02
  2.72700e+01	  1.36902e-02
  2.72800e+01	  1.27500e-02
  2.72900e+01	  1.21610e-02
  2.73000e+01	  9.76674e-03
  2.73100e+01	  9.19798e-03
  2.73200e+01	  7.57420e-03
  2.73300e+01	  6.19239e-03
  2.73400e+01	  5.98462e-03
  2.73500e+01	  7.92244e-03
  2.73600e+01	  9.17123e-03
  2.73700e+01	  1.08451e-02
  2.73800e+01	  1.27123e-02
  2.73900e+01	  1.48422e-02
  2.74000e+01	  1.56165e-02
  2.74100e+01	  1.49997e-02
  2.74200e+01	  1.57222e-02
  2.74300e+01	  1.51712e-02
  2.74400e+01	  1.41180e-02
  2.74500e+01	  1.32269e-02
  2.74600e+01	  1.24951e-02
  2.74700e+01	  1.14861e-02
  2.74800e+01	  1.16642e-02
  2.74900e+01	  1.20237e-02
  2.75000e+01	  1.23711e-02
  2.75100e+01	  1.21468e-02
  2.75200e+01	  1.13041e-02
  2.75300e+01	  9.48993e-03
  2.75400e+01	  7.46574e-03
  2.75500e+01	  4.22921e-03
  2.75600e+01	  1.63428e-03
  2.75700e+01	  9.91969e-04
  2.75800e+01	 -9.73308e-04
  2.75900e+01	 -1.85286e-03
  2.76000e+01	 -2.04067e-03
  2.76100e+01	 -2.41969e-03
  2.76200e+01	 -3.17158e-03
  2.76300e+01	 -4.87842e-03
  2.76400e+01	 -6.34211e-03
  2.76500e+01	 -7.60660e-03
  2.76600e+01	 -7.84919e-03
  2.76700e+01	 -7.81795e-03
  2.76800e+01	 -8.17321e-03
  2.76900e+01	 -8.05673e-03
  2.77000e+01	 -9.00426e-03
  2.77100e+01	 -1.00866e-02
  2.77200e+01	 -1.15191e-02
  2.77300e+01	 -1.35616e-02
  2.77400e+01	 -1.37980e-02
  2.77500e+01	 -1.32719e-02
  2.77600e+01	 -1.22785e-02
  2.77700e+01	 -9.77549e-03
  2.77800e+01	 -8.76340e-03
  2.77900e+01	 -7.59789e-03
  2.78000e+01	 -6.62681e-03
  2.78100e+01	 -5.46029e-03
  2.78200e+01	 -5.44212e-03
  2.78300e+01	 -4.45120e-03
  2.78400e+01	 -4.13776e-03
  2.78500e+01	 -5.82480e-03
  2.78600e+01	 -6.87845e-03
  2.78700e+01	 -9.61777e-03
  2.78800e+01	 -1.38266e-02
  2.78900e+01	 -1.60395e-02
  2.79000e+01	 -1.58586e-02
  2.79100e+01	 -1.53360e-02
  2.79200e+01	 -1.43496e-02
  2.79300e+01	 -1.17886e-02
  2.79400e+01	 -9.40106e-03
  2.79500e+01	 -7.58440e-03
  2.79600e+01	 -8.67284e-03
  2.79700e+01	 -1.07493e-02
  2.79800e+01	 -1.13953e-02
  2.79900e+01	 -1.08625e-02
  2.80000e+01	 -7.96003e-03
  2.80100e+01	 -4.13806e-03
  2.80200e+01	 -1.18179e-03
  2.80300e+01	  2.74951e-03
  2.80400e+01	  3.84999e-03
  2.80500e+01	  2.17001e-03
  2.80600e+01	  8.89464e-04
  2.80700e+01	 -2.75112e-04
  2.80800e+01	 -9.99124e-04
  2.80900e+01	 -1.04079e-03
  2.81000e+01	 -1.44521e-03
  2.81100e+01	 -5.79525e-04
  2.81200e+01	 -1.81405e-04
  2.81300e+01	 -5.07672e-04
  2.81400e+01	 -1.36779e-03
  2.81500e+01	 -2.55659e-03
  2.81600e+01	 -2.80119e-03
  2.81700e+01	 -3.84851e-03
  2.81800e+01	 -5.66809e-03
  2.81900e+01	 -6.18211e-03
  2.82000e+01	 -7.61500e-03
  2.82100e+01	 -8.44008e-03
  2.82200e+01	 -8.23069e-03
  2.82300e+01	 -8.86063e-03
  2.82400e+01	 -9.52544e-03
  2.82500e+01	 -1.03076e-02
  2.82600e+01	 -1.17061e-02
  2.82700e+01	 -1.19155e-02
  2.82800e+01	 -1.31753e-02
  2.82900e+01	 -1.34370e-02
  2.83000e+01	 -1.17348e-02
  2.83100e+01	 -9.24150e-03
  2.83200e+01	 -8.72145e-03
  2.83300e+01	 -8.30687e-03
  2.83400e+01	 -7.75068e-03
  2.83500e+01	 -7.13361e-03
  2.83600e+01	 -6.53688e-03
  2.83700e+01	 -4.52136e-03
  2.83800e+01	 -3.51886e-03
  2.83900e+01	 -1.62995e-03
  2.84000e+01	 -4.24892e-04
  2.84100e+01	  6.20124e-04
  2.84200e+01	  2.00539e-03
  2.84300e+01	  3.48753e-03
  2.84400e+01	  3.85392e-03
  2.84500e+01	  5.07400e-03
  2.84600e+01	  6.02889e-03
  2.84700e+01	  7.16080e-03
  2.84800e+01	  7.03951e-03
  2.84900e+01	  7.34089e-03
  2.85000e+01	  8.22432e-03
  2.85100e+01	  8.92980e-03
  2.85200e+01	  9.14837e-03
  2.85300e+01	  8.29046e-03
  2.85400e+01	  7.64180e-03
  2.85500e+01	  6.61040e-03
  2.85600e+01	  4.74172e-03
  2.85700e+01	  2.99172e-03
  2.85800e+01	  1.61644e-03
  2.85900e+01	  8.34211e-04
  2.86000e+01	 -3.74201e-04
  2.86100e+01	 -1.74983e-03
  2.86200e+01	 -2.90317e-03
  2.86300e+01	 -3.34364e-03
  2.86400e+01	 -3.82161e-03
  2.86500e+01	 -4.06027e-03
  2.86600e+01	 -3.89479e-03
  2.86700e+01	 -3.39137e-03
  2.86800e+01	 -2.76816e-03
  2.86900e+01	 -2.22283e-03
  2.87000e+01	 -1.72905e-03
  2.87100e+01	 -1.07492e-03
  2.87200e+01	 -7.78140e-05
  2.87300e+01	  3.78030e-04
  2.87400e+01	  2.05728e-04
  2.87500e+01	  4.62096e-04
  2.87600e+01	  7.04018e-04
  2.87700e+01	  2.68623e-04
  2.87800e+01	 -4.25735e-04
  2.87900e+01	 -9.12392e-04
  2.88000e+01	 -1.68501e-03
  2.88100e+01	 -2.09947e-03
  2.88200e+01	 -2.42053e-03
  2.88300e+01	 -2.59805e-03
  2.88400e+01	 -2.62033e-03
  2.88500e+01	 -2.96796e-03
  2.88600e+01	 -2.80273e-03
  2.88700e+01	 -2.65767e-03
  2.88800e+01	 -2.49076e-03
  2.88900e+01	 -2.41775e-03
  2.89000e+01	 -2.02168e-03
  2.89100e+01	 -1.55226e-03
  2.89200e+01	 -1.41957e-03
  2.89300e+01	 -1.41032e-03
  2.89400e+01	 -1.24530e-03
  2.89500e+01	 -1.18253e-03
  2.89600e+01	 -1.04744e-03
  2.89700e+01	 -1.00099e-03
  2.89800e+01	 -8.65230e-04
  2.89900e+01	 -8.10628e-04
  2.90000e+01	 -7.38183e-04
  2.90100e+01	 -9.78731e-04
  2.90200e+01	 -8.78250e-04
  2.90300e+01	 -7.59130e-04
  2.90400e+01	 -6.32949e-04
  2.90500e+01	 -9.95011e-04
  2.90600e+01	 -1.10806e-03
  2.90700e+01	 -1.08208e-03
  2.90800e+01	 -1.04945e-03
  2.90900e+01	 -1.00644e-03
  2.91000e+01	 -9.69392e-04
  2.91100e+01	 -1.03463e-03
  2.91200e+01	 -9.42968e-04
  2.91300e+01	 -1.03425e-03
  2.91400e+01	 -7.68469e-04
  2.91500e+01	 -7.28074e-04
  2.91600e+01	 -6.82958e-04
  2.91700e+01	 -5.06113e-04
  2.91800e+01	 -2.45330e-04
  2.91900e+01	  5.35507e-05
  2.92000e+01	  4.10914e-04
  2.92100e+01	  7.67446e-04
  2.92200e+01	  1.09361e-03
  2.92300e+01	  1.45278e-03
  2.92400e+01	  1.65451e-03
  2.92500e+01	  1.87649e-03
  2.92600e+01	  1.97272e-03
  2.92700e+01	  2.13026e-03
  2.92800e+01	  2.25668e-03
  2.92900e+01	  2.37535e-03
  2.93000e+01	  2.45652e-03
  2.93100e+01	  2.53176e-03
  2.93200e+01	  2.52722e-03
  2.93300e+01	  2.56670e-03
  2.93400e+01	  2.59068e-03
  2.93500e+01	  2.60004e-03
  2.93600e+01	  2.59355e-03
  2.93700e+01	  2.61142e-03
  2.93800e+01	  2.59210e-03
  2.93900e+01	  2.50004e-03
  2.94000e+01	  2.41349e-03
  2.94100e+01	  2.29389e-03
  2.94200e+01	  2.21115e-03
  2.94300e+01	  2.16904e-03
  2.94400e+01	  2.12368e-03
  2.94500e+01	  2.07251e-03
  2.94600e+01	  2.01021e-03
  2.94700e+01	  1.92988e-03
  2.94800e+01	  1.88953e-03
  2.94900e+01	  1.82637e-03
  2.95000e+01	  1.73588e-03
  2.95100e+01	  1.66508e-03
  2.95200e+01	  1.59127e-03
  2.95300e+01	  1.50416e-03
  2.95400e+01	  1.43882e-03
  2.95500e+01	  1.34187e-03
  2.95600e+01	  1.25124e-03
  2.95700e+01	  1.17663e-03
  2.95800e+01	  1.09994e-03
  2.95900e+01	  1.00795e-03
  2.96000e+01	  9.45853e-04
  2.96100e+01	  8.82948e-04
  2.96200e+01	  8.21709e-04
  2.96300e+01	  7.75737e-04
  2.96400e+01	  7.26650e-04
  2.96500e+01	  6.70149e-04
  2.96600e+01	  6.15902e-04
  2.96700e+01	  5.71852e-04
  2.96800e+01	  5.28734e-04
  2.96900e+01	  4.83973e-04
  2.97000e+01	  4.40708e-04
  2.97100e+01	  3.97173e-04
  2.97200e+01	  3.53755e-04
  2.97300e+01	  3.10278e-04
  2.97400e+01	  2.69633e-04
  2.97500e+01	  2.28445e-04
  2.97600e+01	  1.90989e-04
  2.97700e+01	  1.54934e-04
  2.97800e+01	  1.20093e-04
  2.97900e+01	  8.63281e-05
  2.98000e+01	  5.45318e-05
  2.98100e+01	  2.36233e-05
  2.98200e+01	 -4.86332e-06
  2.98300e+01	 -3.26088e-05
  2.98400e+01	 -5.89674e-05
  2.98500e+01	 -8.45410e-05
  2.98600e+01	 -1.08752e-04
  2.98700e+01	 -1.32179e-04
  2.98800e+01	 -1.54193e-04
  2.98900e+01	 -1.75192e-04
  2.99000e+01	 -1.94973e-04
  2.99100e+01	 -2.13781e-04
  2.99200e+01	 -2.31373e-04
  2.99300e+01	 -2.47920e-04
  2.99400e+01	 -2.63306e-04
  2.99500e+01	 -2.77605e-04
  2.99600e+01	 -2.90758e-04
  2.99700e+01	 -3.02799e-04
  2.99800e+01	 -3.13709e-04
  2.99900e+01	 -3.23502e-04
