  1.00000e-02	  1.48391e-03
  2.00000e-02	  1.86516e-03
  3.00000e-02	  2.11995e-03
  4.00000e-02	  1.89049e-03
  5.00000e-02	  1.96269e-03
  6.00000e-02	  1.87480e-03
  7.00000e-02	  1.95514e-03
  8.00000e-02	  2.56723e-03
  9.00000e-02	  3.34647e-03
  1.00000e-01	  3.73395e-03
  1.10000e-01	  3.55679e-03
  1.20000e-01	  2.05397e-03
  1.30000e-01	 -2.68332e-04
  1.40000e-01	 -1.27782e-03
  1.50000e-01	 -7.21788e-04
  1.60000e-01	  6.27731e-04
  1.70000e-01	  3.31029e-03
  1.80000e-01	  5.84445e-03
  1.90000e-01	  4.96375e-03
  2.00000e-01	  2.76494e-03
  2.10000e-01	  1.90526e-03
  2.20000e-01	  2.58027e-03
  2.30000e-01	  5.25426e-03
  2.40000e-01	  7.40966e-03
  2.50000e-01	  6.62271e-03
  2.60000e-01	  3.43305e-03
  2.70000e-01	 -1.23922e-03
  2.80000e-01	 -8.65414e-03
  2.90000e-01	 -1.47095e-02
  3.00000e-01	 -1.15623e-02
  3.10000e-01	 -3.71630e-03
  3.20000e-01	  1.14626e-03
  3.30000e-01	  2.61050e-03
  3.40000e-01	  8.18822e-04
  3.50000e-01	 -2.09001e-03
  3.60000e-01	 -1.06962e-03
  3.70000e-01	  5.75535e-03
  3.80000e-01	  1.33530e-02
  3.90000e-01	  1.18899e-02
  4.00000e-01	  1.10205e-03
  4.10000e-01	 -6.32900e-03
  4.20000e-01	 -6.48089e-03
  4.30000e-01	 -2.03403e-03
  4.40000e-01	  2.83396e-03
  4.50000e-01	 -1.91693e-03
  4.60000e-01	 -1.18141e-02
  4.70000e-01	 -1.57685e-02
  4.80000e-01	 -1.49942e-02
  4.90000e-01	 -1.10760e-02
  5.00000e-01	 -7.23854e-03
  5.10000e-01	 -6.84330e-03
  5.20000e-01	 -7.18076e-03
  5.30000e-01	 -5.77520e-03
  5.40000e-01	 -1.21286e-03
  5.50000e-01	  3.61446e-03
  5.60000e-01	  4.36074e-03
  5.70000e-01	 -1.04690e-03
  5.80000e-01	 -8.56438e-03
  5.90000e-01	 -6.29813e-03
  6.00000e-01	  4.67123e-03
  6.10000e-01	  1.12108e-02
  6.20000e-01	  1.26854e-02
  6.30000e-01	  1.03167e-02
  6.40000e-01	  3.77568e-03
  6.50000e-01	  6.39542e-04
  6.60000e-01	 -1.70140e-03
  6.70000e-01	 -7.01850e-03
  6.80000e-01	 -7.41772e-03
  6.90000e-01	 -4.10576e-03
  7.00000e-01	 -4.15503e-03
  7.10000e-01	 -3.49111e-03
  7.20000e-01	  7.90805e-04
  7.30000e-01	 -1.75189e-03
  7.40000e-01	 -1.38579e-02
  7.50000e-01	 -2.15912e-02
  7.60000e-01	 -1.68012e-02
  7.70000e-01	 -7.28063e-03
  7.80000e-01	 -2.38222e-03
  7.90000e-01	  2.12735e-03
  8.00000e-01	  8.66343e-03
  8.10000e-01	  1.14656e-02
  8.20000e-01	  1.18098e-02
  8.30000e-01	  1.32018e-02
  8.40000e-01	  1.21128e-02
  8.50000e-01	  7.30522e-03
  8.60000e-01	  4.45494e-03
  8.70000e-01	  3.73748e-03
  8.80000e-01	  4.17077e-03
  8.90000e-01	  7.92578e-03
  9.00000e-01	  1.07719e-02
  9.10000e-01	  6.26309e-03
  9.20000e-01	 -3.08784e-03
  9.30000e-01	 -9.74531e-03
  9.40000e-01	 -4.14699e-03
  9.50000e-01	  1.25266e-02
  9.60000e-01	  2.35854e-02
  9.70000e-01	  1.71063e-02
  9.80000e-01	 -2.19201e-03
  9.90000e-01	 -1.24893e-02
  1.00000e+00	 -1.60898e-02
  1.01000e+00	 -2.32604e-02
  1.02000e+00	 -1.69319e-02
  1.03000e+00	 -5.89781e-03
  1.04000e+00	 -7.80162e-03
  1.05000e+00	 -1.36027e-02
  1.06000e+00	 -1.39055e-02
  1.07000e+00	  2.09737e-03
  1.08000e+00	  2.38180e-02
  1.09000e+00	  3.29197e-02
  1.10000e+00	  4.06406e-02
  1.11000e+00	  3.81229e-02
  1.12000e+00	  2.10766e-02
  1.13000e+00	  1.24786e-02
  1.14000e+00	  6.30306e-03
  1.15000e+00	  1.56255e-04
  1.16000e+00	  6.29143e-03
  1.17000e+00	  1.59153e-02
  1.18000e+00	  2.12792e-02
  1.19000e+00	  2.26517e-02
  1.20000e+00	  1.34017e-02
  1.21000e+00	  9.42496e-04
  1.22000e+00	 -3.49552e-03
  1.23000e+00	 -8.44706e-03
  1.24000e+00	 -1.75009e-02
  1.25000e+00	 -1.59016e-02
  1.26000e+00	  8.25434e-05
  1.27000e+00	  9.95588e-03
  1.28000e+00	  1.49950e-02
  1.29000e+00	  2.20104e-02
  1.30000e+00	  1.41993e-02
  1.31000e+00	  7.67106e-04
  1.32000e+00	 -3.28224e-03
  1.33000e+00	 -4.40109e-03
  1.34000e+00	 -2.75988e-03
  1.35000e+00	 -2.19191e-03
  1.36000e+00	 -2.76690e-03
  1.37000e+00	 -2.90537e-03
  1.38000e+00	 -1.68605e-02
  1.39000e+00	 -4.07494e-02
  1.40000e+00	 -5.10439e-02
  1.41000e+00	 -4.90514e-02
  1.42000e+00	 -4.53780e-02
  1.43000e+00	 -3.90129e-02
  1.44000e+00	 -3.14573e-02
  1.45000e+00	 -1.67441e-02
  1.46000e+00	 -4.31618e-03
  1.47000e+00	 -5.43555e-03
  1.48000e+00	  6.22588e-03
  1.49000e+00	  3.47577e-02
  1.50000e+00	  5.08429e-02
  1.51000e+00	  5.42553e-02
  1.52000e+00	  5.54017e-02
  1.53000e+00	  5.46892e-02
  1.54000e+00	  5.69942e-02
  1.55000e+00	  6.05536e-02
  1.56000e+00	  6.66453e-02
  1.57000e+00	  6.25831e-02
  1.58000e+00	  3.83199e-02
  1.59000e+00	  4.25945e-03
  1.60000e+00	 -5.89412e-02
  1.61000e+00	 -1.17452e-01
  1.62000e+00	 -1.09119e-01
  1.63000e+00	 -7.68339e-02
  1.64000e+00	 -5.95135e-02
  1.65000e+00	 -1.90848e-02
  1.66000e+00	  4.89461e-02
  1.67000e+00	  8.23032e-02
  1.68000e+00	  6.51791e-02
  1.69000e+00	  4.55523e-02
  1.70000e+00	  3.76872e-02
  1.71000e+00	  2.59643e-02
  1.72000e+00	  2.28020e-02
  1.73000e+00	  3.81834e-02
  1.74000e+00	  3.68893e-02
  1.75000e+00	  7.38370e-03
  1.76000e+00	 -1.46223e-02
  1.77000e+00	 -2.12712e-02
  1.78000e+00	 -1.59196e-02
  1.79000e+00	  9.36782e-03
  1.80000e+00	  4.97119e-02
  1.81000e+00	  8.81972e-02
  1.82000e+00	  7.96586e-02
  1.83000e+00	  2.56672e-02
  1.84000e+00	 -6.25323e-02
  1.85000e+00	 -1.74179e-01
  1.86000e+00	 -1.71124e-01
  1.87000e+00	 -7.61793e-02
  1.88000e+00	 -3.81841e-02
  1.89000e+00	  3.31947e-03
  1.90000e+00	  5.74519e-02
  1.91000e+00	  4.11120e-02
  1.92000e+00	 -3.36164e-04
  1.93000e+00	 -6.45654e-03
  1.94000e+00	  1.03494e-02
  1.95000e+00	  3.56126e-02
  1.96000e+00	  5.52668e-02
  1.97000e+00	  5.88879e-02
  1.98000e+00	  4.03677e-02
  1.99000e+00	  4.72155e-03
  2.00000e+00	 -1.83713e-02
  2.01000e+00	 -3.20792e-02
  2.02000e+00	 -2.71136e-02
  2.03000e+00	 -4.02805e-03
  2.04000e+00	 -1.15306e-04
  2.05000e+00	 -5.54484e-04
  2.06000e+00	  8.08789e-03
  2.07000e+00	  1.06566e-02
  2.08000e+00	  8.21571e-04
  2.09000e+00	 -2.63207e-02
  2.10000e+00	 -5.72580e-02
  2.11000e+00	 -7.61398e-02
  2.12000e+00	 -8.59054e-02
  2.13000e+00	 -7.55704e-02
  2.14000e+00	 -4.56721e-02
  2.15000e+00	 -1.24100e-02
  2.16000e+00	  4.38412e-02
  2.17000e+00	  1.05542e-01
  2.18000e+00	  9.76553e-02
  2.19000e+00	  2.04959e-02
  2.20000e+00	 -6.37467e-02
  2.21000e+00	 -1.10834e-01
  2.22000e+00	 -1.05033e-01
  2.23000e+00	 -8.38142e-02
  2.24000e+00	 -7.22196e-02
  2.25000e+00	 -6.32132e-02
  2.26000e+00	 -3.14134e-02
  2.27000e+00	  7.60984e-03
  2.28000e+00	 -5.85105e-03
  2.29000e+00	 -3.26977e-02
  2.30000e+00	 -3.07302e-02
  2.31000e+00	 -3.52377e-02
  2.32000e+00	 -2.64222e-02
  2.33000e+00	  1.18564e-02
  2.34000e+00	  3.42329e-02
  2.35000e+00	  5.22591e-02
  2.36000e+00	  7.85560e-02
  2.37000e+00	  8.57406e-02
  2.38000e+00	  8.67785e-02
  2.39000e+00	  9.43068e-02
  2.40000e+00	  9.67480e-02
  2.41000e+00	  9.36403e-02
  2.42000e+00	  9.21231e-02
  2.43000e+00	  8.04925e-02
  2.44000e+00	  3.80270e-02
  2.45000e+00	 -2.47787e-02
  2.46000e+00	 -8.66362e-02
  2.47000e+00	 -1.03588e-01
  2.48000e+00	 -6.58431e-02
  2.49000e+00	 -5.11323e-02
  2.50000e+00	 -5.16424e-02
  2.51000e+00	 -2.92599e-02
  2.52000e+00	 -4.59226e-02
  2.53000e+00	 -8.50006e-02
  2.54000e+00	 -8.81061e-02
  2.55000e+00	 -7.39163e-02
  2.56000e+00	 -5.55822e-02
  2.57000e+00	 -2.95950e-02
  2.58000e+00	  1.56392e-02
  2.59000e+00	  4.35457e-02
  2.60000e+00	  3.20387e-02
  2.61000e+00	  2.95614e-02
  2.62000e+00	  2.83678e-02
  2.63000e+00	  2.13410e-02
  2.64000e+00	  3.31665e-02
  2.65000e+00	  4.87189e-02
  2.66000e+00	  5.42925e-02
  2.67000e+00	  5.40387e-02
  2.68000e+00	  4.08563e-02
  2.69000e+00	  1.87503e-02
  2.70000e+00	  9.92999e-03
  2.71000e+00	  2.74133e-02
  2.72000e+00	  4.83808e-02
  2.73000e+00	  5.28351e-02
  2.74000e+00	  5.14420e-02
  2.75000e+00	 -3.59250e-02
  2.76000e+00	 -1.62491e-01
  2.77000e+00	 -1.63124e-01
  2.78000e+00	 -1.47725e-01
  2.79000e+00	 -1.69672e-01
  2.80000e+00	 -1.43682e-01
  2.81000e+00	 -9.88729e-02
  2.82000e+00	 -3.16523e-02
  2.83000e+00	  6.44512e-02
  2.84000e+00	  1.42639e-01
  2.85000e+00	  1.68091e-01
  2.86000e+00	  1.40838e-01
  2.87000e+00	  9.69416e-02
  2.88000e+00	  6.35524e-02
  2.89000e+00	 -3.52220e-03
  2.90000e+00	 -5.79709e-02
  2.91000e+00	 -1.46309e-02
  2.92000e+00	  2.68201e-02
  2.93000e+00	  2.97337e-02
  2.94000e+00	  2.97397e-02
  2.95000e+00	  2.15859e-03
  2.96000e+00	 -3.14275e-02
  2.97000e+00	 -5.68256e-02
  2.98000e+00	 -6.22067e-02
  2.99000e+00	 -4.23037e-02
  3.00000e+00	 -3.12480e-02
  3.01000e+00	 -2.53328e-02
  3.02000e+00	 -1.42178e-02
  3.03000e+00	 -1.63479e-02
  3.04000e+00	 -2.22989e-02
  3.05000e+00	 -1.47813e-02
  3.06000e+00	  1.72599e-03
  3.07000e+00	  2.47962e-02
  3.08000e+00	  4.99715e-02
  3.09000e+00	  6.89733e-02
  3.10000e+00	  7.22111e-02
  3.11000e+00	  4.56011e-02
  3.12000e+00	 -2.53571e-02
  3.13000e+00	 -9.62324e-02
  3.14000e+00	 -8.81412e-02
  3.15000e+00	 -2.21442e-02
  3.16000e+00	  4.38471e-02
  3.17000e+00	  9.46220e-02
  3.18000e+00	  1.21265e-01
  3.19000e+00	  1.23501e-01
  3.20000e+00	  1.04764e-01
  3.21000e+00	  5.83586e-02
  3.22000e+00	 -3.52682e-02
  3.23000e+00	 -1.06911e-01
  3.24000e+00	 -1.00489e-01
  3.25000e+00	 -8.96155e-02
  3.26000e+00	 -7.02339e-02
  3.27000e+00	 -1.78959e-02
  3.28000e+00	  6.72598e-03
  3.29000e+00	 -6.33638e-03
  3.30000e+00	 -1.85186e-02
  3.31000e+00	 -3.25905e-02
  3.32000e+00	 -5.43823e-02
  3.33000e+00	 -6.06651e-02
  3.34000e+00	 -4.58850e-02
  3.35000e+00	 -3.06893e-02
  3.36000e+00	 -9.40401e-03
  3.37000e+00	  3.01824e-02
  3.38000e+00	  4.39121e-02
  3.39000e+00	  3.11975e-02
  3.40000e+00	  4.36711e-02
  3.41000e+00	  6.75637e-02
  3.42000e+00	  5.52004e-02
  3.43000e+00	  1.81592e-02
  3.44000e+00	 -1.53214e-02
  3.45000e+00	 -6.50446e-02
  3.46000e+00	 -1.06710e-01
  3.47000e+00	 -9.14624e-02
  3.48000e+00	 -5.65251e-02
  3.49000e+00	 -4.23463e-02
  3.50000e+00	 -2.11859e-02
  3.51000e+00	  1.89797e-02
  3.52000e+00	  6.25764e-02
  3.53000e+00	  9.72080e-02
  3.54000e+00	  1.03718e-01
  3.55000e+00	  9.05707e-02
  3.56000e+00	  7.75098e-02
  3.57000e+00	  7.14123e-02
  3.58000e+00	  5.11671e-02
  3.59000e+00	 -4.14942e-03
  3.60000e+00	 -3.88702e-02
  3.61000e+00	 -3.26585e-02
  3.62000e+00	 -3.37409e-02
  3.63000e+00	 -2.41713e-02
  3.64000e+00	  2.95010e-03
  3.65000e+00	  1.60486e-02
  3.66000e+00	  3.39609e-02
  3.67000e+00	  6.59741e-02
  3.68000e+00	  8.83501e-02
  3.69000e+00	  7.20586e-02
  3.70000e+00	  2.93687e-02
  3.71000e+00	  2.84085e-03
  3.72000e+00	 -3.58880e-02
  3.73000e+00	 -7.75126e-02
  3.74000e+00	 -6.87682e-02
  3.75000e+00	 -4.86098e-02
  3.76000e+00	 -4.42354e-02
  3.77000e+00	 -3.75963e-02
  3.78000e+00	 -1.99348e-02
  3.79000e+00	  1.70203e-02
  3.80000e+00	  4.54341e-02
  3.81000e+00	  4.32969e-02
  3.82000e+00	  3.48526e-02
  3.83000e+00	  2.66179e-02
  3.84000e+00	  1.74693e-02
  3.85000e+00	  1.26947e-02
  3.86000e+00	  1.25772e-02
  3.87000e+00	  3.44676e-03
  3.88000e+00	 -3.38104e-02
  3.89000e+00	 -6.97475e-02
  3.90000e+00	 -8.16767e-02
  3.91000e+00	 -7.29904e-02
  3.92000e+00	 -5.49182e-02
  3.93000e+00	 -1.60919e-02
  3.94000e+00	  5.72371e-02
  3.95000e+00	  7.59090e-02
  3.96000e+00	  2.12310e-02
  3.97000e+00	 -1.24668e-02
  3.98000e+00	 -4.53093e-02
  3.99000e+00	 -1.15277e-01
  4.00000e+00	 -1.34761e-01
  4.01000e+00	 -9.06000e-02
  4.02000e+00	 -6.63567e-02
  4.03000e+00	 -5.49667e-02
  4.04000e+00	 -6.36603e-03
  4.05000e+00	  3.60946e-02
  4.06000e+00	  7.59345e-03
  4.07000e+00	 -4.23666e-02
  4.08000e+00	 -7.37901e-02
  4.09000e+00	 -1.01969e-01
  4.10000e+00	 -9.11784e-02
  4.11000e+00	 -3.93444e-02
  4.12000e+00	  4.12687e-03
  4.13000e+00	  6.69201e-02
  4.14000e+00	  1.41833e-01
  4.15000e+00	  1.47168e-01
  4.16000e+00	  1.13517e-01
  4.17000e+00	  1.01987e-01
  4.18000e+00	  7.03811e-02
  4.19000e+00	 -1.60920e-02
  4.20000e+00	 -1.01657e-01
  4.21000e+00	 -1.36839e-01
  4.22000e+00	 -1.43471e-01
  4.23000e+00	 -1.49318e-01
  4.24000e+00	 -1.39492e-01
  4.25000e+00	 -1.19227e-01
  4.26000e+00	 -1.08797e-01
  4.27000e+00	 -8.15751e-02
  4.28000e+00	 -4.17655e-02
  4.29000e+00	 -2.30007e-02
  4.30000e+00	 -1.40248e-02
  4.31000e+00	 -6.55936e-03
  4.32000e+00	 -5.77905e-03
  4.33000e+00	  3.15322e-03
  4.34000e+00	  2.14361e-02
  4.35000e+00	  3.83850e-02
  4.36000e+00	  6.21157e-02
  4.37000e+00	  9.09492e-02
  4.38000e+00	  1.02897e-01
  4.39000e+00	  9.01243e-02
  4.40000e+00	  7.75196e-02
  4.41000e+00	  7.98776e-02
  4.42000e+00	  7.69965e-02
  4.43000e+00	  6.76206e-02
  4.44000e+00	  6.44858e-02
  4.45000e+00	  6.42739e-02
  4.46000e+00	  6.15860e-02
  4.47000e+00	  4.36727e-02
  4.48000e+00	  1.62064e-03
  4.49000e+00	 -2.39782e-02
  4.50000e+00	  2.04432e-03
  4.51000e+00	  3.25893e-02
  4.52000e+00	  5.44233e-02
  4.53000e+00	  1.05184e-01
  4.54000e+00	  1.43781e-01
  4.55000e+00	  1.39771e-01
  4.56000e+00	  1.22361e-01
  4.57000e+00	  1.06455e-01
  4.58000e+00	  8.40718e-02
  4.59000e+00	  4.10625e-02
  4.60000e+00	  1.68811e-02
  4.61000e+00	  2.72493e-02
  4.62000e+00	  2.06763e-02
  4.63000e+00	 -9.55643e-03
  4.64000e+00	 -3.15875e-02
  4.65000e+00	 -3.81996e-02
  4.66000e+00	 -4.66958e-02
  4.67000e+00	 -5.11572e-02
  4.68000e+00	 -3.86213e-02
  4.69000e+00	 -3.61375e-02
  4.70000e+00	 -7.00206e-02
  4.71000e+00	 -1.15080e-01
  4.72000e+00	 -1.35014e-01
  4.73000e+00	 -1.46661e-01
  4.74000e+00	 -1.39908e-01
  4.75000e+00	 -9.93561e-02
  4.76000e+00	 -6.52187e-02
  4.77000e+00	  1.35811e-02
  4.78000e+00	  8.86761e-02
  4.79000e+00	  2.84303e-02
  4.80000e+00	 -2.83086e-02
  4.81000e+00	 -1.45826e-02
  4.82000e+00	 -2.22512e-02
  4.83000e+00	 -1.01847e-02
  4.84000e+00	  1.87078e-02
  4.85000e+00	  2.36098e-02
  4.86000e+00	  3.08207e-02
  4.87000e+00	  4.08372e-02
  4.88000e+00	  4.77964e-02
  4.89000e+00	  4.89694e-02
  4.90000e+00	  3.39747e-02
  4.91000e+00	  1.97712e-02
  4.92000e+00	  2.59196e-02
  4.93000e+00	  5.09296e-02
  4.94000e+00	  6.81585e-02
  4.95000e+00	  4.75084e-02
  4.96000e+00	  1.04154e-03
  4.97000e+00	 -6.71923e-02
  4.98000e+00	 -1.14623e-01
  4.99000e+00	 -7.65370e-02
  5.00000e+00	 -1.77514e-02
  5.01000e+00	  1.72417e-02
  5.02000e+00	  3.43169e-02
  5.03000e+00	  2.08742e-02
  5.04000e+00	  1.24067e-02
  5.05000e+00	  1.70188e-02
  5.06000e+00	  2.23006e-02
  5.07000e+00	  3.17536e-02
  5.08000e+00	  2.72187e-02
  5.09000e+00	  9.18961e-03
  5.10000e+00	 -3.49947e-04
  5.11000e+00	 -4.55843e-03
  5.12000e+00	 -8.44696e-03
  5.13000e+00	 -2.07790e-03
  5.14000e+00	  1.09806e-02
  5.15000e+00	  2.25774e-02
  5.16000e+00	  3.01166e-02
  5.17000e+00	  1.98633e-02
  5.18000e+00	 -4.82274e-03
  5.19000e+00	 -3.06169e-02
  5.20000e+00	 -5.90809e-02
  5.21000e+00	 -6.78185e-02
  5.22000e+00	 -4.02509e-02
  5.23000e+00	 -4.57881e-03
  5.24000e+00	  2.29520e-02
  5.25000e+00	  4.49751e-02
  5.26000e+00	  3.34793e-02
  5.27000e+00	 -1.81527e-02
  5.28000e+00	 -6.28325e-02
  5.29000e+00	 -7.99485e-02
  5.30000e+00	 -7.33141e-02
  5.31000e+00	 -3.51942e-02
  5.32000e+00	  1.84674e-02
  5.33000e+00	  5.16513e-02
  5.34000e+00	  5.62279e-02
  5.35000e+00	  1.72596e-02
  5.36000e+00	 -5.46265e-02
  5.37000e+00	 -8.30651e-02
  5.38000e+00	 -6.19613e-02
  5.39000e+00	 -3.56493e-02
  5.40000e+00	  3.07817e-02
  5.41000e+00	  1.25691e-01
  5.42000e+00	  1.55127e-01
  5.43000e+00	  1.25876e-01
  5.44000e+00	  9.70500e-02
  5.45000e+00	  3.53913e-02
  5.46000e+00	 -5.31535e-02
  5.47000e+00	 -3.43764e-02
  5.48000e+00	  4.21872e-02
  5.49000e+00	  5.77566e-02
  5.50000e+00	  8.84728e-02
  5.51000e+00	  1.39410e-01
  5.52000e+00	  1.45878e-01
  5.53000e+00	  1.21979e-01
  5.54000e+00	  1.02883e-01
  5.55000e+00	  8.47393e-02
  5.56000e+00	  5.07054e-02
  5.57000e+00	  1.02277e-02
  5.58000e+00	 -2.61597e-02
  5.59000e+00	 -4.81254e-02
  5.60000e+00	 -6.02388e-02
  5.61000e+00	 -5.94871e-02
  5.62000e+00	 -3.36951e-02
  5.63000e+00	 -8.54341e-03
  5.64000e+00	  1.13735e-02
  5.65000e+00	  4.07199e-02
  5.66000e+00	  6.91141e-02
  5.67000e+00	  7.58505e-02
  5.68000e+00	  4.24507e-02
  5.69000e+00	  6.21810e-03
  5.70000e+00	 -7.73008e-03
  5.71000e+00	 -4.49666e-02
  5.72000e+00	 -8.44672e-02
  5.73000e+00	 -7.99953e-02
  5.74000e+00	 -8.18531e-02
  5.75000e+00	 -9.49649e-02
  5.76000e+00	 -7.30343e-02
  5.77000e+00	 -5.11756e-02
  5.78000e+00	 -3.12951e-02
  5.79000e+00	  5.20873e-02
  5.80000e+00	  1.22218e-01
  5.81000e+00	  8.39238e-02
  5.82000e+00	  4.48024e-02
  5.83000e+00	  3.78974e-02
  5.84000e+00	 -1.19520e-02
  5.85000e+00	 -5.22873e-02
  5.86000e+00	 -5.16826e-02
  5.87000e+00	 -3.95993e-02
  5.88000e+00	 -7.61606e-03
  5.89000e+00	  1.79404e-02
  5.90000e+00	  3.31764e-02
  5.91000e+00	  6.02265e-02
  5.92000e+00	  7.29396e-02
  5.93000e+00	  6.06003e-02
  5.94000e+00	  4.28476e-02
  5.95000e+00	  3.26936e-02
  5.96000e+00	  2.37733e-02
  5.97000e+00	  3.09968e-03
  5.98000e+00	 -3.00178e-02
  5.99000e+00	 -5.57002e-02
  6.00000e+00	 -6.31822e-02
  6.01000e+00	 -5.93120e-02
  6.02000e+00	 -4.07584e-02
  6.03000e+00	 -1.98613e-02
  6.04000e+00	 -1.09449e-02
  6.05000e+00	  1.60565e-03
  6.06000e+00	  1.04340e-02
  6.07000e+00	 -7.31968e-03
  6.08000e+00	 -2.79519e-02
  6.09000e+00	 -2.98540e-02
  6.10000e+00	 -3.01363e-02
  6.11000e+00	 -2.50326e-02
  6.12000e+00	 -6.61069e-03
  6.13000e+00	  8.09440e-03
  6.14000e+00	  1.98619e-02
  6.15000e+00	  3.01902e-02
  6.16000e+00	  2.21783e-02
  6.17000e+00	  1.04002e-03
  6.18000e+00	 -1.14813e-02
  6.19000e+00	 -2.02757e-02
  6.20000e+00	 -3.12676e-02
  6.21000e+00	 -2.10655e-02
  6.22000e+00	  7.24587e-03
  6.23000e+00	  3.93083e-02
  6.24000e+00	  8.43203e-02
  6.25000e+00	  1.11963e-01
  6.26000e+00	  1.05316e-01
  6.27000e+00	  9.45845e-02
  6.28000e+00	  8.68749e-02
  6.29000e+00	  7.31978e-02
  6.30000e+00	  4.90070e-02
  6.31000e+00	  1.25667e-02
  6.32000e+00	 -5.96172e-02
  6.33000e+00	 -1.29118e-01
  6.34000e+00	 -1.32483e-01
  6.35000e+00	 -1.25005e-01
  6.36000e+00	 -1.20611e-01
  6.37000e+00	 -8.93970e-02
  6.38000e+00	 -5.45804e-02
  6.39000e+00	 -1.18032e-02
  6.40000e+00	  2.36545e-02
  6.41000e+00	  3.10997e-02
  6.42000e+00	  3.59766e-02
  6.43000e+00	  3.83699e-02
  6.44000e+00	  2.90401e-02
  6.45000e+00	  3.46484e-02
  6.46000e+00	  5.52903e-02
  6.47000e+00	  6.45331e-02
  6.48000e+00	  6.30774e-02
  6.49000e+00	  5.42887e-02
  6.50000e+00	  4.21547e-02
  6.51000e+00	  4.03618e-02
  6.52000e+00	  4.74993e-02
  6.53000e+00	  5.60603e-02
  6.54000e+00	  4.76604e-02
  6.55000e+00	  1.75612e-02
  6.56000e+00	 -3.64274e-03
  6.57000e+00	 -1.98284e-02
  6.58000e+00	 -4.22874e-02
  6.59000e+00	 -2.96486e-02
  6.60000e+00	  1.58376e-02
  6.61000e+00	  6.23982e-02
  6.62000e+00	  9.70295e-02
  6.63000e+00	  8.71349e-02
  6.64000e+00	  6.29495e-02
  6.65000e+00	  6.23798e-02
  6.66000e+00	  5.61656e-02
  6.67000e+00	  4.73009e-02
  6.68000e+00	  5.32769e-02
  6.69000e+00	  4.76698e-02
  6.70000e+00	  2.24225e-02
  6.71000e+00	  5.56939e-03
  6.72000e+00	 -1.22503e-02
  6.73000e+00	 -4.22049e-02
  6.74000e+00	 -5.42978e-02
  6.75000e+00	 -4.11041e-02
  6.76000e+00	 -2.43226e-02
  6.77000e+00	 -1.79198e-02
  6.78000e+00	 -1.23647e-02
  6.79000e+00	 -6.73445e-03
  6.80000e+00	 -1.68797e-02
  6.81000e+00	 -2.91810e-02
  6.82000e+00	 -3.27216e-02
  6.83000e+00	 -4.40592e-02
  6.84000e+00	 -6.15214e-02
  6.85000e+00	 -7.50516e-02
  6.86000e+00	 -8.93239e-02
  6.87000e+00	 -1.05582e-01
  6.88000e+00	 -1.08909e-01
  6.89000e+00	 -8.64410e-02
  6.90000e+00	 -6.25440e-02
  6.91000e+00	 -5.49835e-02
  6.92000e+00	 -4.96552e-02
  6.93000e+00	 -5.25141e-02
  6.94000e+00	 -6.39268e-02
  6.95000e+00	 -6.53340e-02
  6.96000e+00	 -5.48300e-02
  6.97000e+00	 -3.98750e-02
  6.98000e+00	 -2.58161e-02
  6.99000e+00	 -1.54215e-02
  7.00000e+00	 -2.80053e-02
  7.01000e+00	 -5.43957e-02
  7.02000e+00	 -6.11490e-02
  7.03000e+00	 -5.71465e-02
  7.04000e+00	 -4.46408e-02
  7.05000e+00	 -1.42467e-02
  7.06000e+00	  1.72991e-02
  7.07000e+00	  3.81020e-02
  7.08000e+00	  5.84195e-02
  7.09000e+00	  7.52941e-02
  7.10000e+00	  8.20083e-02
  7.11000e+00	  9.15007e-02
  7.12000e+00	  1.03594e-01
  7.13000e+00	  1.09759e-01
  7.14000e+00	  1.14329e-01
  7.15000e+00	  1.13862e-01
  7.16000e+00	  1.02025e-01
  7.17000e+00	  7.78169e-02
  7.18000e+00	  4.07050e-02
  7.19000e+00	  2.04839e-02
  7.20000e+00	  2.23595e-02
  7.21000e+00	  1.78386e-02
  7.22000e+00	  1.68128e-02
  7.23000e+00	  2.10495e-02
  7.24000e+00	  9.30288e-03
  7.25000e+00	 -1.25803e-02
  7.26000e+00	 -3.23323e-02
  7.27000e+00	 -5.48367e-02
  7.28000e+00	 -6.98503e-02
  7.29000e+00	 -7.65465e-02
  7.30000e+00	 -8.51311e-02
  7.31000e+00	 -8.00880e-02
  7.32000e+00	 -7.12248e-02
  7.33000e+00	 -7.47967e-02
  7.34000e+00	 -7.43216e-02
  7.35000e+00	 -7.07454e-02
  7.36000e+00	 -7.36634e-02
  7.37000e+00	 -7.03363e-02
  7.38000e+00	 -5.54693e-02
  7.39000e+00	 -3.58575e-02
  7.40000e+00	 -1.02270e-02
  7.41000e+00	  2.01364e-02
  7.42000e+00	  4.10752e-02
  7.43000e+00	  4.80303e-02
  7.44000e+00	  4.15426e-02
  7.45000e+00	  2.00978e-02
  7.46000e+00	 -2.74538e-03
  7.47000e+00	 -2.40097e-02
  7.48000e+00	 -3.64229e-02
  7.49000e+00	 -3.68481e-02
  7.50000e+00	 -3.87307e-02
  7.51000e+00	 -3.77738e-02
  7.52000e+00	 -4.25073e-02
  7.53000e+00	 -5.68958e-02
  7.54000e+00	 -6.39160e-02
  7.55000e+00	 -6.70821e-02
  7.56000e+00	 -7.59254e-02
  7.57000e+00	 -7.55277e-02
  7.58000e+00	 -6.13742e-02
  7.59000e+00	 -4.78508e-02
  7.60000e+00	 -1.92963e-02
  7.61000e+00	  2.32055e-02
  7.62000e+00	  4.04425e-02
  7.63000e+00	  3.30978e-02
  7.64000e+00	  1.86491e-02
  7.65000e+00	 -3.36474e-04
  7.66000e+00	 -1.33114e-02
  7.67000e+00	 -2.30149e-02
  7.68000e+00	 -2.78331e-02
  7.69000e+00	 -2.43004e-02
  7.70000e+00	 -2.94346e-02
  7.71000e+00	 -4.15231e-02
  7.72000e+00	 -5.03951e-02
  7.73000e+00	 -4.79197e-02
  7.74000e+00	 -2.76731e-02
  7.75000e+00	 -1.17946e-02
  7.76000e+00	 -5.92624e-03
  7.77000e+00	  5.10841e-03
  7.78000e+00	  9.57569e-03
  7.79000e+00	  5.13660e-03
  7.80000e+00	  8.12077e-03
  7.81000e+00	  1.39873e-02
  7.82000e+00	  1.40241e-02
  7.83000e+00	  9.29341e-03
  7.84000e+00	  2.55209e-03
  7.85000e+00	 -1.22622e-03
  7.86000e+00	 -4.82870e-03
  7.87000e+00	 -5.21065e-03
  7.88000e+00	  2.93428e-03
  7.89000e+00	  8.07895e-03
  7.90000e+00	  9.87551e-03
  7.91000e+00	  2.08101e-02
  7.92000e+00	  2.99992e-02
  7.93000e+00	  2.80641e-02
  7.94000e+00	  2.80089e-02
  7.95000e+00	  2.61952e-02
  7.96000e+00	  1.68616e-02
  7.97000e+00	  4.81229e-03
  7.98000e+00	 -8.90591e-03
  7.99000e+00	 -1.51263e-02
  8.00000e+00	 -1.43684e-02
  8.01000e+00	 -1.84977e-02
  8.02000e+00	 -1.98000e-02
  8.03000e+00	 -9.03329e-03
  8.04000e+00	  2.94523e-04
  8.05000e+00	  4.05994e-03
  8.06000e+00	  7.40198e-03
  8.07000e+00	 -6.31846e-04
  8.08000e+00	 -1.52158e-02
  8.09000e+00	 -2.42983e-02
  8.10000e+00	 -3.22372e-02
  8.11000e+00	 -3.68341e-02
  8.12000e+00	 -3.59928e-02
  8.13000e+00	 -3.05960e-02
  8.14000e+00	 -2.35456e-02
  8.15000e+00	 -2.28788e-02
  8.16000e+00	 -2.57657e-02
  8.17000e+00	 -1.82595e-02
  8.18000e+00	 -3.33087e-03
  8.19000e+00	  8.59545e-03
  8.20000e+00	  2.66515e-02
  8.21000e+00	  4.28959e-02
  8.22000e+00	  4.41917e-02
  8.23000e+00	  4.09648e-02
  8.24000e+00	  3.56010e-02
  8.25000e+00	  2.99864e-02
  8.26000e+00	  2.61727e-02
  8.27000e+00	  2.58693e-02
  8.28000e+00	  3.30002e-02
  8.29000e+00	  4.11249e-02
  8.30000e+00	  3.86608e-02
  8.31000e+00	  2.19543e-02
  8.32000e+00	  8.33398e-03
  8.33000e+00	 -1.32093e-02
  8.34000e+00	 -4.08918e-02
  8.35000e+00	 -3.96571e-02
  8.36000e+00	 -3.29996e-02
  8.37000e+00	 -3.89670e-02
  8.38000e+00	 -3.85271e-02
  8.39000e+00	 -2.91878e-02
  8.40000e+00	 -1.00779e-02
  8.41000e+00	  1.30631e-02
  8.42000e+00	  2.34256e-02
  8.43000e+00	  2.24922e-02
  8.44000e+00	  1.72145e-02
  8.45000e+00	  9.95711e-03
  8.46000e+00	  5.75169e-03
  8.47000e+00	  2.20324e-03
  8.48000e+00	  5.00159e-03
  8.49000e+00	  1.42038e-02
  8.50000e+00	  1.95655e-02
  8.51000e+00	  2.79642e-02
  8.52000e+00	  3.82994e-02
  8.53000e+00	  4.10339e-02
  8.54000e+00	  3.76878e-02
  8.55000e+00	  2.82443e-02
  8.56000e+00	  1.46379e-02
  8.57000e+00	  2.15753e-03
  8.58000e+00	 -5.62429e-03
  8.59000e+00	 -3.23228e-03
  8.60000e+00	  6.41593e-03
  8.61000e+00	  9.46971e-03
  8.62000e+00	  9.00744e-03
  8.63000e+00	  1.10041e-02
  8.64000e+00	  6.44754e-03
  8.65000e+00	 -3.45854e-04
  8.66000e+00	 -3.29584e-03
  8.67000e+00	 -8.44648e-03
  8.68000e+00	 -1.31988e-02
  8.69000e+00	 -1.53976e-02
  8.70000e+00	 -1.50383e-02
  8.71000e+00	 -7.96545e-03
  8.72000e+00	  6.31727e-04
  8.73000e+00	  6.26739e-03
  8.74000e+00	  9.55751e-03
  8.75000e+00	  9.81114e-03
  8.76000e+00	  8.48764e-03
  8.77000e+00	  8.03267e-03
  8.78000e+00	  8.70336e-03
  8.79000e+00	  8.20585e-03
  8.80000e+00	  6.03867e-03
  8.81000e+00	 -1.26383e-04
  8.82000e+00	 -7.55705e-03
  8.83000e+00	 -7.03027e-03
  8.84000e+00	 -5.81044e-03
  8.85000e+00	 -1.06117e-02
  8.86000e+00	 -1.33713e-02
  8.87000e+00	 -1.18397e-02
  8.88000e+00	 -9.83540e-03
  8.89000e+00	 -9.74487e-03
  8.90000e+00	 -1.21879e-02
  8.91000e+00	 -1.60829e-02
  8.92000e+00	 -2.00908e-02
  8.93000e+00	 -2.50821e-02
  8.94000e+00	 -2.62168e-02
  8.95000e+00	 -2.02199e-02
  8.96000e+00	 -1.65443e-02
  8.97000e+00	 -1.61981e-02
  8.98000e+00	 -1.21252e-02
  8.99000e+00	 -4.76279e-03
  9.00000e+00	  5.60257e-03
  9.01000e+00	  1.51657e-02
  9.02000e+00	  1.68140e-02
  9.03000e+00	  1.99514e-02
  9.04000e+00	  3.20583e-02
  9.05000e+00	  4.24148e-02
  9.06000e+00	  4.98467e-02
  9.07000e+00	  5.47209e-02
  9.08000e+00	  5.07226e-02
  9.09000e+00	  3.52719e-02
  9.10000e+00	  8.53302e-03
  9.11000e+00	 -6.67341e-03
  9.12000e+00	  5.39916e-03
  9.13000e+00	  1.69523e-02
  9.14000e+00	  1.40885e-02
  9.15000e+00	  1.09245e-02
  9.16000e+00	  4.78813e-03
  9.17000e+00	 -6.99015e-03
  9.18000e+00	 -1.66101e-02
  9.19000e+00	 -1.91880e-02
  9.20000e+00	 -1.47199e-02
  9.21000e+00	 -1.21864e-02
  9.22000e+00	 -1.32482e-02
  9.23000e+00	 -1.26239e-02
  9.24000e+00	 -1.26495e-02
  9.25000e+00	 -1.08989e-02
  9.26000e+00	 -4.91380e-03
  9.27000e+00	 -1.79052e-03
  9.28000e+00	 -1.25511e-03
  9.29000e+00	 -5.36839e-04
  9.30000e+00	 -3.62867e-03
  9.31000e+00	 -7.98735e-03
  9.32000e+00	 -1.06503e-02
  9.33000e+00	 -1.45332e-02
  9.34000e+00	 -1.64446e-02
  9.35000e+00	 -1.14224e-02
  9.36000e+00	 -4.85634e-03
  9.37000e+00	 -1.25234e-03
  9.38000e+00	  2.93945e-03
  9.39000e+00	  5.83070e-03
  9.40000e+00	  3.41015e-03
  9.41000e+00	 -5.06284e-04
  9.42000e+00	 -1.81263e-03
  9.43000e+00	 -3.24770e-03
  9.44000e+00	 -6.09203e-03
  9.45000e+00	 -7.91591e-03
  9.46000e+00	 -8.92560e-03
  9.47000e+00	 -1.06558e-02
  9.48000e+00	 -1.37990e-02
  9.49000e+00	 -1.70028e-02
  9.50000e+00	 -1.86153e-02
  9.51000e+00	 -1.98810e-02
  9.52000e+00	 -2.14616e-02
  9.53000e+00	 -2.29980e-02
  9.54000e+00	 -2.39153e-02
  9.55000e+00	 -2.10121e-02
  9.56000e+00	 -1.59617e-02
  9.57000e+00	 -1.10635e-02
  9.58000e+00	 -5.43450e-03
  9.59000e+00	 -4.79963e-03
  9.60000e+00	 -8.49821e-03
  9.61000e+00	 -1.04618e-02
  9.62000e+00	 -1.20720e-02
  9.63000e+00	 -1.45837e-02
  9.64000e+00	 -1.97134e-02
  9.65000e+00	 -2.52067e-02
  9.66000e+00	 -2.16164e-02
  9.67000e+00	 -1.33576e-02
  9.68000e+00	 -4.14204e-03
  9.69000e+00	  1.76985e-02
  9.70000e+00	  3.47715e-02
  9.71000e+00	  3.22355e-02
  9.72000e+00	  3.14692e-02
  9.73000e+00	  3.23344e-02
  9.74000e+00	  2.39052e-02
  9.75000e+00	  1.44688e-02
  9.76000e+00	  1.03808e-02
  9.77000e+00	  1.15399e-02
  9.78000e+00	  1.39250e-02
  9.79000e+00	  1.20382e-02
  9.80000e+00	  3.02633e-03
  9.81000e+00	 -9.98619e-03
  9.82000e+00	 -1.57402e-02
  9.83000e+00	 -1.62994e-02
  9.84000e+00	 -1.89803e-02
  9.85000e+00	 -1.77218e-02
  9.86000e+00	 -1.53819e-02
  9.87000e+00	 -1.83806e-02
  9.88000e+00	 -2.21277e-02
  9.89000e+00	 -2.38000e-02
  9.90000e+00	 -1.95997e-02
  9.91000e+00	 -1.02865e-02
  9.92000e+00	  4.09841e-03
  9.93000e+00	  2.38691e-02
  9.94000e+00	  3.01379e-02
  9.95000e+00	  3.01782e-02
  9.96000e+00	  3.83428e-02
  9.97000e+00	  3.91347e-02
  9.98000e+00	  3.55857e-02
  9.99000e+00	  4.05226e-02
  1.00000e+01	  4.99208e-02
  1.00100e+01	  5.71666e-02
  1.00200e+01	  6.09398e-02
  1.00300e+01	  5.75991e-02
  1.00400e+01	  4.78742e-02
  1.00500e+01	  3.43043e-02
  1.00600e+01	  1.66467e-02
  1.00700e+01	  9.63844e-03
  1.00800e+01	  1.59831e-02
  1.00900e+01	  2.19527e-02
  1.01000e+01	  2.49583e-02
  1.01100e+01	  2.35814e-02
  1.01200e+01	  1.91746e-02
  1.01300e+01	  1.20419e-02
  1.01400e+01	 -1.16255e-03
  1.01500e+01	 -1.23201e-02
  1.01600e+01	 -1.41153e-02
  1.01700e+01	 -1.38562e-02
  1.01800e+01	 -1.76068e-02
  1.01900e+01	 -2.02373e-02
  1.02000e+01	 -1.76825e-02
  1.02100e+01	 -1.46406e-02
  1.02200e+01	 -1.28044e-02
  1.02300e+01	 -7.95176e-03
  1.02400e+01	 -2.19400e-03
  1.02500e+01	  2.54787e-03
  1.02600e+01	  1.17227e-02
  1.02700e+01	  2.20193e-02
  1.02800e+01	  2.29469e-02
  1.02900e+01	  1.86009e-02
  1.03000e+01	  1.69063e-02
  1.03100e+01	  1.57554e-02
  1.03200e+01	  1.38897e-02
  1.03300e+01	  1.51713e-02
  1.03400e+01	  1.95576e-02
  1.03500e+01	  2.23401e-02
  1.03600e+01	  2.23422e-02
  1.03700e+01	  1.99370e-02
  1.03800e+01	  1.11865e-02
  1.03900e+01	 -3.10082e-03
  1.04000e+01	 -8.83021e-03
  1.04100e+01	 -3.15855e-03
  1.04200e+01	  2.83904e-03
  1.04300e+01	  8.37429e-03
  1.04400e+01	  1.61113e-02
  1.04500e+01	  1.87741e-02
  1.04600e+01	  1.51098e-02
  1.04700e+01	  1.67607e-02
  1.04800e+01	  2.28358e-02
  1.04900e+01	  2.51578e-02
  1.05000e+01	  2.47222e-02
  1.05100e+01	  2.28784e-02
  1.05200e+01	  1.25271e-02
  1.05300e+01	 -1.52780e-03
  1.05400e+01	 -6.01590e-03
  1.05500e+01	 -8.21150e-03
  1.05600e+01	 -9.65908e-03
  1.05700e+01	 -1.19127e-02
  1.05800e+01	 -2.56851e-02
  1.05900e+01	 -4.05105e-02
  1.06000e+01	 -4.20838e-02
  1.06100e+01	 -2.89627e-02
  1.06200e+01	 -1.38989e-02
  1.06300e+01	 -4.14415e-03
  1.06400e+01	  6.73773e-03
  1.06500e+01	  1.39439e-02
  1.06600e+01	  1.52824e-02
  1.06700e+01	  1.44297e-02
  1.06800e+01	  1.45525e-02
  1.06900e+01	  1.68256e-02
  1.07000e+01	  1.01145e-02
  1.07100e+01	 -1.29594e-02
  1.07200e+01	 -3.55772e-02
  1.07300e+01	 -4.03799e-02
  1.07400e+01	 -2.98873e-02
  1.07500e+01	 -1.29711e-02
  1.07600e+01	  2.56382e-04
  1.07700e+01	  5.21887e-03
  1.07800e+01	  6.24608e-03
  1.07900e+01	  8.58149e-03
  1.08000e+01	  8.17907e-03
  1.08100e+01	  5.33047e-03
  1.08200e+01	  6.59749e-03
  1.08300e+01	  7.49697e-03
  1.08400e+01	  5.54384e-03
  1.08500e+01	  2.88426e-03
  1.08600e+01	 -2.37606e-04
  1.08700e+01	  7.77468e-04
  1.08800e+01	  8.86430e-03
  1.08900e+01	  1.38296e-02
  1.09000e+01	  1.08334e-02
  1.09100e+01	  9.95348e-03
  1.09200e+01	  1.07370e-02
  1.09300e+01	  8.01359e-03
  1.09400e+01	  8.30048e-03
  1.09500e+01	  1.49182e-02
  1.09600e+01	  2.06196e-02
  1.09700e+01	  2.51981e-02
  1.09800e+01	  3.07519e-02
  1.09900e+01	  3.26286e-02
  1.10000e+01	  3.36052e-02
  1.10100e+01	  3.63365e-02
  1.10200e+01	  3.76254e-02
  1.10300e+01	  3.81142e-02
  1.10400e+01	  3.87413e-02
  1.10500e+01	  3.62782e-02
  1.10600e+01	  3.15231e-02
  1.10700e+01	  2.40360e-02
  1.10800e+01	  9.25412e-03
  1.10900e+01	 -4.32566e-04
  1.11000e+01	  2.01909e-03
  1.11100e+01	  4.47289e-05
  1.11200e+01	 -4.29711e-03
  1.11300e+01	  7.98113e-04
  1.11400e+01	  8.99344e-03
  1.11500e+01	  1.68453e-02
  1.11600e+01	  2.17952e-02
  1.11700e+01	  1.80233e-02
  1.11800e+01	  1.24228e-02
  1.11900e+01	  1.08014e-02
  1.12000e+01	  7.61060e-03
  1.12100e+01	  5.94231e-03
  1.12200e+01	  1.23026e-02
  1.12300e+01	  1.88173e-02
  1.12400e+01	  2.08677e-02
  1.12500e+01	  2.01812e-02
  1.12600e+01	  1.15283e-02
  1.12700e+01	 -1.41190e-03
  1.12800e+01	 -8.25972e-03
  1.12900e+01	 -9.71183e-03
  1.13000e+01	 -1.05307e-02
  1.13100e+01	 -1.06462e-02
  1.13200e+01	 -1.78907e-02
  1.13300e+01	 -3.20228e-02
  1.13400e+01	 -3.51491e-02
  1.13500e+01	 -3.45280e-02
  1.13600e+01	 -4.08647e-02
  1.13700e+01	 -4.13490e-02
  1.13800e+01	 -3.54511e-02
  1.13900e+01	 -3.11418e-02
  1.14000e+01	 -2.74000e-02
  1.14100e+01	 -2.42311e-02
  1.14200e+01	 -2.30897e-02
  1.14300e+01	 -2.30575e-02
  1.14400e+01	 -2.49652e-02
  1.14500e+01	 -2.97827e-02
  1.14600e+01	 -3.75489e-02
  1.14700e+01	 -4.49662e-02
  1.14800e+01	 -4.76692e-02
  1.14900e+01	 -4.92558e-02
  1.15000e+01	 -4.98778e-02
  1.15100e+01	 -4.68568e-02
  1.15200e+01	 -4.44893e-02
  1.15300e+01	 -4.29773e-02
  1.15400e+01	 -4.06128e-02
  1.15500e+01	 -3.87223e-02
  1.15600e+01	 -3.67357e-02
  1.15700e+01	 -3.22516e-02
  1.15800e+01	 -2.57149e-02
  1.15900e+01	 -2.28215e-02
  1.16000e+01	 -2.25185e-02
  1.16100e+01	 -2.21809e-02
  1.16200e+01	 -2.56557e-02
  1.16300e+01	 -3.06145e-02
  1.16400e+01	 -3.52860e-02
  1.16500e+01	 -3.37701e-02
  1.16600e+01	 -2.33373e-02
  1.16700e+01	 -1.88953e-02
  1.16800e+01	 -1.93195e-02
  1.16900e+01	 -1.86082e-02
  1.17000e+01	 -2.41884e-02
  1.17100e+01	 -3.12697e-02
  1.17200e+01	 -3.43009e-02
  1.17300e+01	 -3.43559e-02
  1.17400e+01	 -2.92235e-02
  1.17500e+01	 -2.15446e-02
  1.17600e+01	 -1.51665e-02
  1.17700e+01	 -1.10847e-02
  1.17800e+01	 -9.93418e-03
  1.17900e+01	 -1.23479e-02
  1.18000e+01	 -1.65501e-02
  1.18100e+01	 -1.91562e-02
  1.18200e+01	 -2.29006e-02
  1.18300e+01	 -2.60142e-02
  1.18400e+01	 -2.36178e-02
  1.18500e+01	 -2.06325e-02
  1.18600e+01	 -2.03546e-02
  1.18700e+01	 -1.89743e-02
  1.18800e+01	 -1.53646e-02
  1.18900e+01	 -1.18720e-02
  1.19000e+01	 -9.73332e-03
  1.19100e+01	 -8.03992e-03
  1.19200e+01	 -5.38389e-03
  1.19300e+01	 -2.19761e-03
  1.19400e+01	 -1.18011e-04
  1.19500e+01	  6.47727e-04
  1.19600e+01	  1.84541e-03
  1.19700e+01	  3.30996e-03
  1.19800e+01	  4.10733e-03
  1.19900e+01	  3.46185e-03
  1.20000e+01	  3.04801e-04
  1.20100e+01	 -3.16034e-03
  1.20200e+01	 -5.01292e-03
  1.20300e+01	 -6.24159e-03
  1.20400e+01	 -4.64187e-03
  1.20500e+01	  1.25777e-03
  1.20600e+01	  6.67601e-03
  1.20700e+01	  1.20280e-02
  1.20800e+01	  1.98151e-02
  1.20900e+01	  2.40796e-02
  1.21000e+01	  2.42513e-02
  1.21100e+01	  2.65860e-02
  1.21200e+01	  3.00598e-02
  1.21300e+01	  3.08174e-02
  1.21400e+01	  2.86475e-02
  1.21500e+01	  2.65969e-02
  1.21600e+01	  2.55954e-02
  1.21700e+01	  2.42170e-02
  1.21800e+01	  2.47242e-02
  1.21900e+01	  2.60152e-02
  1.22000e+01	  2.63389e-02
  1.22100e+01	  2.80871e-02
  1.22200e+01	  3.00835e-02
  1.22300e+01	  2.99620e-02
  1.22400e+01	  2.60307e-02
  1.22500e+01	  1.63708e-02
  1.22600e+01	  7.12831e-03
  1.22700e+01	  5.61117e-03
  1.22800e+01	  7.79048e-03
  1.22900e+01	  8.56316e-03
  1.23000e+01	  8.26243e-03
  1.23100e+01	  8.93498e-03
  1.23200e+01	  1.00830e-02
  1.23300e+01	  9.32508e-03
  1.23400e+01	  8.01534e-03
  1.23500e+01	  8.14020e-03
  1.23600e+01	  1.03797e-02
  1.23700e+01	  1.37064e-02
  1.23800e+01	  1.55101e-02
  1.23900e+01	  1.72965e-02
  1.24000e+01	  1.97621e-02
  1.24100e+01	  1.79411e-02
  1.24200e+01	  1.37634e-02
  1.24300e+01	  9.34354e-03
  1.24400e+01	 -6.70132e-04
  1.24500e+01	 -8.85126e-03
  1.24600e+01	 -1.14755e-02
  1.24700e+01	 -1.72753e-02
  1.24800e+01	 -2.23523e-02
  1.24900e+01	 -2.50682e-02
  1.25000e+01	 -2.50223e-02
  1.25100e+01	 -1.78367e-02
  1.25200e+01	 -1.20586e-02
  1.25300e+01	 -6.24608e-03
  1.25400e+01	  1.58395e-03
  1.25500e+01	  2.06442e-03
  1.25600e+01	  3.37077e-03
  1.25700e+01	  1.21703e-02
  1.25800e+01	  2.07741e-02
  1.25900e+01	  2.68044e-02
  1.26000e+01	  3.12298e-02
  1.26100e+01	  3.38387e-02
  1.26200e+01	  3.69165e-02
  1.26300e+01	  4.00901e-02
  1.26400e+01	  4.02914e-02
  1.26500e+01	  3.92063e-02
  1.26600e+01	  3.95937e-02
  1.26700e+01	  4.03313e-02
  1.26800e+01	  4.04232e-02
  1.26900e+01	  4.06819e-02
  1.27000e+01	  4.05064e-02
  1.27100e+01	  3.76744e-02
  1.27200e+01	  3.29097e-02
  1.27300e+01	  2.79853e-02
  1.27400e+01	  2.65697e-02
  1.27500e+01	  3.29784e-02
  1.27600e+01	  3.93939e-02
  1.27700e+01	  4.15903e-02
  1.27800e+01	  4.29500e-02
  1.27900e+01	  3.93027e-02
  1.28000e+01	  3.04684e-02
  1.28100e+01	  1.90423e-02
  1.28200e+01	  1.05638e-02
  1.28300e+01	  7.85318e-03
  1.28400e+01	  1.84429e-03
  1.28500e+01	 -5.96184e-03
  1.28600e+01	 -8.37114e-03
  1.28700e+01	 -7.65511e-03
  1.28800e+01	 -7.43549e-03
  1.28900e+01	 -8.88577e-03
  1.29000e+01	 -1.23147e-02
  1.29100e+01	 -1.69545e-02
  1.29200e+01	 -1.97439e-02
  1.29300e+01	 -1.93117e-02
  1.29400e+01	 -1.58977e-02
  1.29500e+01	 -1.22340e-02
  1.29600e+01	 -1.11884e-02
  1.29700e+01	 -9.83596e-03
  1.29800e+01	 -8.61069e-03
  1.29900e+01	 -1.05388e-02
  1.30000e+01	 -1.22504e-02
  1.30100e+01	 -1.21764e-02
  1.30200e+01	 -1.18050e-02
  1.30300e+01	 -1.07689e-02
  1.30400e+01	 -1.01309e-02
  1.30500e+01	 -9.43355e-03
  1.30600e+01	 -6.35664e-03
  1.30700e+01	  3.56465e-04
  1.30800e+01	  8.98215e-03
  1.30900e+01	  1.71364e-02
  1.31000e+01	  2.66377e-02
  1.31100e+01	  2.86928e-02
  1.31200e+01	  2.02509e-02
  1.31300e+01	  1.72563e-02
  1.31400e+01	  1.48280e-02
  1.31500e+01	  5.54872e-03
  1.31600e+01	  1.62620e-03
  1.31700e+01	  2.13117e-03
  1.31800e+01	  5.84971e-04
  1.31900e+01	 -1.66203e-04
  1.32000e+01	  1.28695e-03
  1.32100e+01	  3.62279e-03
  1.32200e+01	  5.58795e-03
  1.32300e+01	  7.45210e-03
  1.32400e+01	  1.00554e-02
  1.32500e+01	  1.25942e-02
  1.32600e+01	  1.43647e-02
  1.32700e+01	  1.60764e-02
  1.32800e+01	  1.74776e-02
  1.32900e+01	  1.69219e-02
  1.33000e+01	  1.57782e-02
  1.33100e+01	  1.59006e-02
  1.33200e+01	  1.66441e-02
  1.33300e+01	  1.80177e-02
  1.33400e+01	  1.90725e-02
  1.33500e+01	  1.62846e-02
  1.33600e+01	  9.94988e-03
  1.33700e+01	  6.51175e-04
  1.33800e+01	 -1.48839e-02
  1.33900e+01	 -2.63005e-02
  1.34000e+01	 -2.50223e-02
  1.34100e+01	 -1.95690e-02
  1.34200e+01	 -1.29706e-02
  1.34300e+01	 -5.42880e-03
  1.34400e+01	 -8.93896e-04
  1.34500e+01	  1.01582e-04
  1.34600e+01	 -7.43491e-04
  1.34700e+01	 -2.17566e-03
  1.34800e+01	 -3.58544e-03
  1.34900e+01	 -5.64909e-03
  1.35000e+01	 -8.20754e-03
  1.35100e+01	 -1.05076e-02
  1.35200e+01	 -1.04828e-02
  1.35300e+01	 -6.08596e-03
  1.35400e+01	 -2.20750e-03
  1.35500e+01	 -2.72307e-03
  1.35600e+01	 -7.11029e-03
  1.35700e+01	 -1.44089e-02
  1.35800e+01	 -1.95995e-02
  1.35900e+01	 -2.13465e-02
  1.36000e+01	 -2.14696e-02
  1.36100e+01	 -1.86970e-02
  1.36200e+01	 -1.55919e-02
  1.36300e+01	 -1.46815e-02
  1.36400e+01	 -1.57495e-02
  1.36500e+01	 -1.89355e-02
  1.36600e+01	 -2.26489e-02
  1.36700e+01	 -2.58092e-02
  1.36800e+01	 -2.96664e-02
  1.36900e+01	 -3.04009e-02
  1.37000e+01	 -2.52124e-02
  1.37100e+01	 -2.13936e-02
  1.37200e+01	 -1.83586e-02
  1.37300e+01	 -1.33063e-02
  1.37400e+01	 -1.09030e-02
  1.37500e+01	 -1.12214e-02
  1.37600e+01	 -1.39435e-02
  1.37700e+01	 -1.81048e-02
  1.37800e+01	 -2.35236e-02
  1.37900e+01	 -2.71289e-02
  1.38000e+01	 -2.49841e-02
  1.38100e+01	 -2.43540e-02
  1.38200e+01	 -2.68308e-02
  1.38300e+01	 -2.87165e-02
  1.38400e+01	 -3.16346e-02
  1.38500e+01	 -3.40056e-02
  1.38600e+01	 -3.58748e-02
  1.38700e+01	 -3.64818e-02
  1.38800e+01	 -3.41367e-02
  1.38900e+01	 -3.15544e-02
  1.39000e+01	 -2.70233e-02
  1.39100e+01	 -2.15670e-02
  1.39200e+01	 -1.92532e-02
  1.39300e+01	 -1.80087e-02
  1.39400e+01	 -1.60289e-02
  1.39500e+01	 -1.41093e-02
  1.39600e+01	 -1.12485e-02
  1.39700e+01	 -6.48575e-03
  1.39800e+01	 -3.16970e-03
  1.39900e+01	 -2.29274e-03
  1.40000e+01	 -2.33887e-03
  1.40100e+01	 -4.96414e-03
  1.40200e+01	 -8.59871e-03
  1.40300e+01	 -1.32738e-02
  1.40400e+01	 -2.12396e-02
  1.40500e+01	 -2.66941e-02
  1.40600e+01	 -2.73041e-02
  1.40700e+01	 -2.55960e-02
  1.40800e+01	 -2.24565e-02
  1.40900e+01	 -1.98225e-02
  1.41000e+01	 -1.81153e-02
  1.41100e+01	 -2.01805e-02
  1.41200e+01	 -2.45920e-02
  1.41300e+01	 -2.63247e-02
  1.41400e+01	 -2.87926e-02
  1.41500e+01	 -3.34897e-02
  1.41600e+01	 -3.69977e-02
  1.41700e+01	 -3.91167e-02
  1.41800e+01	 -3.73529e-02
  1.41900e+01	 -3.20847e-02
  1.42000e+01	 -2.53366e-02
  1.42100e+01	 -1.42587e-02
  1.42200e+01	 -7.10263e-03
  1.42300e+01	 -6.68664e-03
  1.42400e+01	 -4.96414e-03
  1.42500e+01	 -3.48688e-03
  1.42600e+01	 -2.25545e-03
  1.42700e+01	  4.37542e-05
  1.42800e+01	  1.80194e-03
  1.42900e+01	  3.27927e-03
  1.43000e+01	  2.30247e-03
  1.43100e+01	 -8.59432e-04
  1.43200e+01	 -3.24130e-03
  1.43300e+01	 -5.37529e-03
  1.43400e+01	 -4.54804e-03
  1.43500e+01	 -7.53511e-04
  1.43600e+01	  7.17350e-04
  1.43700e+01	  1.77157e-03
  1.43800e+01	  4.94165e-03
  1.43900e+01	  7.95241e-03
  1.44000e+01	  9.62306e-03
  1.44100e+01	  1.00904e-02
  1.44200e+01	  8.81943e-03
  1.44300e+01	  6.94941e-03
  1.44400e+01	  6.04089e-03
  1.44500e+01	  6.20099e-03
  1.44600e+01	  8.79896e-03
  1.44700e+01	  1.34637e-02
  1.44800e+01	  1.72979e-02
  1.44900e+01	  1.77988e-02
  1.45000e+01	  1.69660e-02
  1.45100e+01	  1.77881e-02
  1.45200e+01	  1.84609e-02
  1.45300e+01	  1.89467e-02
  1.45400e+01	  2.04067e-02
  1.45500e+01	  2.14670e-02
  1.45600e+01	  2.22055e-02
  1.45700e+01	  2.20711e-02
  1.45800e+01	  1.96870e-02
  1.45900e+01	  1.72085e-02
  1.46000e+01	  1.53255e-02
  1.46100e+01	  1.39707e-02
  1.46200e+01	  1.47071e-02
  1.46300e+01	  1.51516e-02
  1.46400e+01	  1.27423e-02
  1.46500e+01	  9.93390e-03
  1.46600e+01	  9.20085e-03
  1.46700e+01	  9.06923e-03
  1.46800e+01	  1.08788e-02
  1.46900e+01	  1.51175e-02
  1.47000e+01	  1.94310e-02
  1.47100e+01	  2.42035e-02
  1.47200e+01	  2.65305e-02
  1.47300e+01	  2.60867e-02
  1.47400e+01	  2.53082e-02
  1.47500e+01	  2.46186e-02
  1.47600e+01	  2.53597e-02
  1.47700e+01	  2.60880e-02
  1.47800e+01	  2.51509e-02
  1.47900e+01	  2.20586e-02
  1.48000e+01	  1.85520e-02
  1.48100e+01	  1.66388e-02
  1.48200e+01	  1.60235e-02
  1.48300e+01	  1.91305e-02
  1.48400e+01	  2.46877e-02
  1.48500e+01	  2.92032e-02
  1.48600e+01	  3.22282e-02
  1.48700e+01	  3.18296e-02
  1.48800e+01	  2.81418e-02
  1.48900e+01	  2.47930e-02
  1.49000e+01	  2.25768e-02
  1.49100e+01	  1.85389e-02
  1.49200e+01	  1.36648e-02
  1.49300e+01	  1.06473e-02
  1.49400e+01	  9.44701e-03
  1.49500e+01	  9.09101e-03
  1.49600e+01	  8.69404e-03
  1.49700e+01	  9.15099e-03
  1.49800e+01	  1.14506e-02
  1.49900e+01	  1.58747e-02
  1.50000e+01	  1.93679e-02
  1.50100e+01	  2.09259e-02
  1.50200e+01	  2.22624e-02
  1.50300e+01	  2.01051e-02
  1.50400e+01	  1.40582e-02
  1.50500e+01	  8.35366e-03
  1.50600e+01	  6.52552e-03
  1.50700e+01	  6.71009e-03
  1.50800e+01	  3.69226e-03
  1.50900e+01	 -1.41359e-03
  1.51000e+01	 -6.71978e-03
  1.51100e+01	 -9.40938e-03
  1.51200e+01	 -7.52673e-03
  1.51300e+01	 -6.57320e-03
  1.51400e+01	 -5.15478e-03
  1.51500e+01	 -7.85363e-04
  1.51600e+01	  5.28426e-04
  1.51700e+01	 -5.94658e-04
  1.51800e+01	 -7.55940e-04
  1.51900e+01	 -6.90983e-04
  1.52000e+01	  1.82039e-03
  1.52100e+01	  6.02742e-03
  1.52200e+01	  8.98672e-03
  1.52300e+01	  1.16103e-02
  1.52400e+01	  1.02916e-02
  1.52500e+01	  6.89623e-04
  1.52600e+01	 -1.24942e-02
  1.52700e+01	 -2.02706e-02
  1.52800e+01	 -2.16983e-02
  1.52900e+01	 -1.96105e-02
  1.53000e+01	 -1.46877e-02
  1.53100e+01	 -8.60144e-03
  1.53200e+01	 -2.54982e-03
  1.53300e+01	 -3.06469e-03
  1.53400e+01	 -8.77135e-03
  1.53500e+01	 -1.29165e-02
  1.53600e+01	 -1.77022e-02
  1.53700e+01	 -2.12125e-02
  1.53800e+01	 -2.14437e-02
  1.53900e+01	 -2.03669e-02
  1.54000e+01	 -1.95884e-02
  1.54100e+01	 -1.98066e-02
  1.54200e+01	 -1.90293e-02
  1.54300e+01	 -1.45059e-02
  1.54400e+01	 -7.23295e-03
  1.54500e+01	  6.21989e-04
  1.54600e+01	  7.41944e-03
  1.54700e+01	  8.68545e-03
  1.54800e+01	  4.50259e-03
  1.54900e+01	  1.14856e-03
  1.55000e+01	  9.23678e-04
  1.55100e+01	 -2.08500e-04
  1.55200e+01	 -1.27283e-03
  1.55300e+01	 -4.70101e-04
  1.55400e+01	 -8.42963e-04
  1.55500e+01	 -1.59848e-03
  1.55600e+01	 -1.91697e-03
  1.55700e+01	 -2.69831e-03
  1.55800e+01	 -3.59408e-03
  1.55900e+01	 -4.68414e-03
  1.56000e+01	 -3.98926e-03
  1.56100e+01	 -6.74346e-04
  1.56200e+01	  1.32993e-03
  1.56300e+01	  4.23616e-03
  1.56400e+01	  9.68296e-03
  1.56500e+01	  1.14105e-02
  1.56600e+01	  1.05319e-02
  1.56700e+01	  1.02648e-02
  1.56800e+01	  9.63914e-03
  1.56900e+01	  9.31621e-03
  1.57000e+01	  8.87442e-03
  1.57100e+01	  7.60209e-03
  1.57200e+01	  4.69365e-03
  1.57300e+01	  6.92744e-04
  1.57400e+01	 -1.63275e-03
  1.57500e+01	 -2.93275e-03
  1.57600e+01	 -4.60219e-03
  1.57700e+01	 -2.50528e-03
  1.57800e+01	  3.06464e-03
  1.57900e+01	  7.50454e-03
  1.58000e+01	  1.59825e-02
  1.58100e+01	  2.51805e-02
  1.58200e+01	  2.77555e-02
  1.58300e+01	  2.76956e-02
  1.58400e+01	  2.25155e-02
  1.58500e+01	  1.21186e-02
  1.58600e+01	 -7.55867e-04
  1.58700e+01	 -1.29829e-02
  1.58800e+01	 -1.64875e-02
  1.58900e+01	 -1.12340e-02
  1.59000e+01	 -3.35783e-03
  1.59100e+01	  3.40474e-03
  1.59200e+01	  7.34663e-03
  1.59300e+01	  5.41486e-03
  1.59400e+01	  8.11626e-04
  1.59500e+01	 -7.23023e-04
  1.59600e+01	 -1.96804e-03
  1.59700e+01	 -2.41529e-03
  1.59800e+01	  3.07637e-03
  1.59900e+01	  8.30762e-03
  1.60000e+01	  9.35409e-03
  1.60100e+01	  1.11677e-02
  1.60200e+01	  9.58369e-03
  1.60300e+01	  1.92974e-03
  1.60400e+01	 -4.48046e-03
  1.60500e+01	 -6.67576e-03
  1.60600e+01	 -5.16789e-03
  1.60700e+01	 -2.28378e-04
  1.60800e+01	  6.50155e-03
  1.60900e+01	  1.25235e-02
  1.61000e+01	  1.14210e-02
  1.61100e+01	  4.57999e-03
  1.61200e+01	 -8.87393e-04
  1.61300e+01	 -3.86191e-03
  1.61400e+01	 -5.28487e-03
  1.61500e+01	 -6.78542e-03
  1.61600e+01	 -6.52488e-03
  1.61700e+01	 -4.03205e-03
  1.61800e+01	 -2.85985e-03
  1.61900e+01	 -4.04471e-03
  1.62000e+01	 -5.97950e-03
  1.62100e+01	 -6.62336e-03
  1.62200e+01	 -7.27842e-03
  1.62300e+01	 -8.25224e-03
  1.62400e+01	 -7.88737e-03
  1.62500e+01	 -8.05507e-03
  1.62600e+01	 -9.44595e-03
  1.62700e+01	 -1.00734e-02
  1.62800e+01	 -8.22924e-03
  1.62900e+01	 -3.17675e-03
  1.63000e+01	  2.41093e-03
  1.63100e+01	  6.04193e-03
  1.63200e+01	  8.55005e-03
  1.63300e+01	  8.26061e-03
  1.63400e+01	  3.46961e-03
  1.63500e+01	 -3.15531e-03
  1.63600e+01	 -8.98617e-03
  1.63700e+01	 -1.00685e-02
  1.63800e+01	 -7.86830e-03
  1.63900e+01	 -9.30841e-03
  1.64000e+01	 -1.29274e-02
  1.64100e+01	 -1.50755e-02
  1.64200e+01	 -1.66918e-02
  1.64300e+01	 -1.86619e-02
  1.64400e+01	 -2.06028e-02
  1.64500e+01	 -2.11097e-02
  1.64600e+01	 -1.82784e-02
  1.64700e+01	 -1.30552e-02
  1.64800e+01	 -9.86617e-03
  1.64900e+01	 -9.12773e-03
  1.65000e+01	 -7.14751e-03
  1.65100e+01	 -6.15043e-03
  1.65200e+01	 -9.56122e-03
  1.65300e+01	 -1.30396e-02
  1.65400e+01	 -1.40405e-02
  1.65500e+01	 -1.42807e-02
  1.65600e+01	 -1.09107e-02
  1.65700e+01	 -5.98769e-03
  1.65800e+01	 -4.68070e-03
  1.65900e+01	 -3.26207e-03
  1.66000e+01	 -2.97744e-03
  1.66100e+01	 -7.78968e-03
  1.66200e+01	 -1.33678e-02
  1.66300e+01	 -1.25681e-02
  1.66400e+01	 -4.71501e-03
  1.66500e+01	  1.51989e-03
  1.66600e+01	  5.91882e-03
  1.66700e+01	  1.18756e-02
  1.66800e+01	  1.42558e-02
  1.66900e+01	  1.05127e-02
  1.67000e+01	  4.18241e-03
  1.67100e+01	  6.53619e-04
  1.67200e+01	  5.61267e-04
  1.67300e+01	  2.37923e-03
  1.67400e+01	  4.63364e-03
  1.67500e+01	  5.64587e-03
  1.67600e+01	  5.13467e-03
  1.67700e+01	  2.93187e-03
  1.67800e+01	  1.22749e-03
  1.67900e+01	  1.97623e-03
  1.68000e+01	  4.35365e-03
  1.68100e+01	  5.55624e-03
  1.68200e+01	  5.50362e-03
  1.68300e+01	  6.48337e-03
  1.68400e+01	  7.63989e-03
  1.68500e+01	  8.29171e-03
  1.68600e+01	  9.11125e-03
  1.68700e+01	  8.44535e-03
  1.68800e+01	  5.50849e-03
  1.68900e+01	  1.43213e-03
  1.69000e+01	 -3.52652e-03
  1.69100e+01	 -6.03057e-03
  1.69200e+01	 -3.61383e-03
  1.69300e+01	 -9.65887e-04
  1.69400e+01	  5.13318e-04
  1.69500e+01	  5.39550e-03
  1.69600e+01	  9.11596e-03
  1.69700e+01	  5.81048e-03
  1.69800e+01	  2.13094e-03
  1.69900e+01	  1.18874e-03
  1.70000e+01	 -2.39603e-03
  1.70100e+01	 -6.77259e-03
  1.70200e+01	 -5.50222e-03
  1.70300e+01	 -2.49338e-03
  1.70400e+01	 -3.12058e-03
  1.70500e+01	 -3.81686e-03
  1.70600e+01	 -3.08349e-03
  1.70700e+01	 -2.33599e-03
  1.70800e+01	 -1.84427e-03
  1.70900e+01	 -1.91831e-03
  1.71000e+01	 -1.96804e-03
  1.71100e+01	 -8.08821e-04
  1.71200e+01	  1.93795e-03
  1.71300e+01	  4.53552e-03
  1.71400e+01	  3.79535e-03
  1.71500e+01	 -5.21123e-04
  1.71600e+01	 -5.17452e-03
  1.71700e+01	 -8.90719e-03
  1.71800e+01	 -9.89674e-03
  1.71900e+01	 -5.74550e-03
  1.72000e+01	 -1.17008e-03
  1.72100e+01	  2.14825e-03
  1.72200e+01	  1.01770e-02
  1.72300e+01	  1.64183e-02
  1.72400e+01	  1.63630e-02
  1.72500e+01	  1.74239e-02
  1.72600e+01	  1.45783e-02
  1.72700e+01	  6.56889e-03
  1.72800e+01	 -2.88648e-03
  1.72900e+01	 -1.67573e-02
  1.73000e+01	 -2.75956e-02
  1.73100e+01	 -2.67300e-02
  1.73200e+01	 -1.41670e-02
  1.73300e+01	  3.38024e-03
  1.73400e+01	  1.51311e-02
  1.73500e+01	  1.74635e-02
  1.73600e+01	  1.40652e-02
  1.73700e+01	  5.87849e-03
  1.73800e+01	 -4.16508e-03
  1.73900e+01	 -1.13708e-02
  1.74000e+01	 -1.47655e-02
  1.74100e+01	 -1.11818e-02
  1.74200e+01	 -5.03208e-03
  1.74300e+01	 -3.27013e-03
  1.74400e+01	 -1.60270e-03
  1.74500e+01	  1.32417e-03
  1.74600e+01	  2.50523e-03
  1.74700e+01	  2.42049e-03
  1.74800e+01	  3.59185e-04
  1.74900e+01	 -5.37914e-03
  1.75000e+01	 -1.08591e-02
  1.75100e+01	 -9.86464e-03
  1.75200e+01	 -4.94519e-03
  1.75300e+01	 -6.18598e-04
  1.75400e+01	  6.68438e-03
  1.75500e+01	  1.45882e-02
  1.75600e+01	  1.67012e-02
  1.75700e+01	  1.48569e-02
  1.75800e+01	  1.16094e-02
  1.75900e+01	  8.04685e-03
  1.76000e+01	  2.17204e-03
  1.76100e+01	 -3.86286e-03
  1.76200e+01	 -5.77339e-03
  1.76300e+01	 -6.46234e-03
  1.76400e+01	 -5.91969e-03
  1.76500e+01	 -1.00107e-03
  1.76600e+01	  6.64168e-03
  1.76700e+01	  1.05231e-02
  1.76800e+01	  1.01308e-02
  1.76900e+01	  8.69993e-03
  1.77000e+01	  2.80628e-03
  1.77100e+01	 -4.99598e-03
  1.77200e+01	 -9.36065e-03
  1.77300e+01	 -8.80893e-03
  1.77400e+01	 -2.57202e-03
  1.77500e+01	  6.21992e-03
  1.77600e+01	  1.38597e-02
  1.77700e+01	  1.62892e-02
  1.77800e+01	  1.45424e-02
  1.77900e+01	  1.26037e-02
  1.78000e+01	  8.54188e-03
  1.78100e+01	 -6.73217e-06
  1.78200e+01	 -4.63091e-03
  1.78300e+01	 -7.28803e-05
  1.78400e+01	  4.11144e-03
  1.78500e+01	  8.71868e-03
  1.78600e+01	  1.58132e-02
  1.78700e+01	  1.64612e-02
  1.78800e+01	  1.38475e-02
  1.78900e+01	  1.36623e-02
  1.79000e+01	  1.37263e-02
  1.79100e+01	  1.29170e-02
  1.79200e+01	  1.07300e-02
  1.79300e+01	  6.13183e-03
  1.79400e+01	  1.22876e-03
  1.79500e+01	 -1.00815e-03
  1.79600e+01	 -3.14802e-03
  1.79700e+01	 -9.13185e-03
  1.79800e+01	 -1.87529e-02
  1.79900e+01	 -2.61833e-02
  1.80000e+01	 -2.87500e-02
  1.80100e+01	 -2.98951e-02
  1.80200e+01	 -2.79913e-02
  1.80300e+01	 -2.35406e-02
  1.80400e+01	 -2.10002e-02
  1.80500e+01	 -1.80556e-02
  1.80600e+01	 -1.39434e-02
  1.80700e+01	 -9.53167e-03
  1.80800e+01	 -3.62410e-03
  1.80900e+01	  4.08673e-04
  1.81000e+01	  7.71051e-04
  1.81100e+01	 -1.41112e-03
  1.81200e+01	 -6.60817e-03
  1.81300e+01	 -9.93942e-03
  1.81400e+01	 -9.74927e-03
  1.81500e+01	 -1.02937e-02
  1.81600e+01	 -7.14093e-03
  1.81700e+01	 -9.70450e-04
  1.81800e+01	  1.14397e-03
  1.81900e+01	  7.98799e-04
  1.82000e+01	 -6.59843e-04
  1.82100e+01	 -2.82105e-03
  1.82200e+01	 -4.70451e-03
  1.82300e+01	 -5.13381e-03
  1.82400e+01	 -1.58157e-03
  1.82500e+01	  1.66782e-03
  1.82600e+01	  2.62272e-03
  1.82700e+01	  2.91625e-03
  1.82800e+01	 -1.23319e-04
  1.82900e+01	 -5.53855e-03
  1.83000e+01	 -1.06201e-02
  1.83100e+01	 -1.19542e-02
  1.83200e+01	 -8.76180e-03
  1.83300e+01	 -6.29512e-03
  1.83400e+01	 -4.29269e-03
  1.83500e+01	 -3.35308e-04
  1.83600e+01	  2.18825e-03
  1.83700e+01	  2.14827e-03
  1.83800e+01	  2.41085e-03
  1.83900e+01	  3.23228e-03
  1.84000e+01	  3.26468e-03
  1.84100e+01	  3.41351e-03
  1.84200e+01	  4.35718e-03
  1.84300e+01	  5.29726e-03
  1.84400e+01	  5.09206e-03
  1.84500e+01	  3.11253e-03
  1.84600e+01	  1.25114e-03
  1.84700e+01	  1.11560e-04
  1.84800e+01	 -3.17305e-04
  1.84900e+01	  1.30983e-03
  1.85000e+01	  3.32811e-03
  1.85100e+01	  5.47256e-03
  1.85200e+01	  1.03034e-02
  1.85300e+01	  1.81915e-02
  1.85400e+01	  2.51776e-02
  1.85500e+01	  2.54165e-02
  1.85600e+01	  2.10287e-02
  1.85700e+01	  1.70219e-02
  1.85800e+01	  9.78867e-03
  1.85900e+01	 -2.49770e-03
  1.86000e+01	 -1.19337e-02
  1.86100e+01	 -1.63306e-02
  1.86200e+01	 -2.20962e-02
  1.86300e+01	 -2.85373e-02
  1.86400e+01	 -2.82449e-02
  1.86500e+01	 -2.10878e-02
  1.86600e+01	 -1.15093e-02
  1.86700e+01	  1.51301e-03
  1.86800e+01	  1.14816e-02
  1.86900e+01	  1.12078e-02
  1.87000e+01	  1.00424e-02
  1.87100e+01	  1.43910e-02
  1.87200e+01	  1.83756e-02
  1.87300e+01	  2.05372e-02
  1.87400e+01	  2.04286e-02
  1.87500e+01	  1.51074e-02
  1.87600e+01	  8.62833e-03
  1.87700e+01	  5.47719e-03
  1.87800e+01	  5.44434e-03
  1.87900e+01	  6.85849e-03
  1.88000e+01	  7.83687e-03
  1.88100e+01	  7.21568e-03
  1.88200e+01	  6.26366e-03
  1.88300e+01	  7.35440e-03
  1.88400e+01	  1.14822e-02
  1.88500e+01	  1.64823e-02
  1.88600e+01	  1.99140e-02
  1.88700e+01	  2.03269e-02
  1.88800e+01	  1.76598e-02
  1.88900e+01	  1.56931e-02
  1.89000e+01	  1.33740e-02
  1.89100e+01	  7.53471e-03
  1.89200e+01	  2.55412e-03
  1.89300e+01	  2.08395e-04
  1.89400e+01	 -3.07394e-03
  1.89500e+01	 -3.97215e-03
  1.89600e+01	  3.89095e-04
  1.89700e+01	  3.71367e-03
  1.89800e+01	  5.99523e-03
  1.89900e+01	  9.79745e-03
  1.90000e+01	  1.23388e-02
  1.90100e+01	  1.26094e-02
  1.90200e+01	  9.25816e-03
  1.90300e+01	  5.85315e-03
  1.90400e+01	  6.53624e-03
  1.90500e+01	  7.19245e-03
  1.90600e+01	  5.87136e-03
  1.90700e+01	  5.53035e-03
  1.90800e+01	  3.48839e-03
  1.90900e+01	 -3.16969e-03
  1.91000e+01	 -8.47735e-03
  1.91100e+01	 -9.87430e-03
  1.91200e+01	 -8.34983e-03
  1.91300e+01	 -4.96515e-03
  1.91400e+01	 -3.14989e-03
  1.91500e+01	 -1.53428e-03
  1.91600e+01	  7.56244e-04
  1.91700e+01	  3.10248e-03
  1.91800e+01	  6.16983e-03
  1.91900e+01	  8.68256e-03
  1.92000e+01	  9.29375e-03
  1.92100e+01	  6.65286e-03
  1.92200e+01	  1.64909e-03
  1.92300e+01	 -3.15602e-03
  1.92400e+01	 -5.82470e-03
  1.92500e+01	 -5.36660e-03
  1.92600e+01	 -4.88207e-03
  1.92700e+01	 -7.83677e-03
  1.92800e+01	 -1.11387e-02
  1.92900e+01	 -8.47882e-03
  1.93000e+01	 -2.87071e-03
  1.93100e+01	 -3.51298e-04
  1.93200e+01	  3.42784e-03
  1.93300e+01	  6.19692e-03
  1.93400e+01	  2.55249e-03
  1.93500e+01	  1.23410e-04
  1.93600e+01	  1.97936e-04
  1.93700e+01	 -2.30005e-03
  1.93800e+01	 -4.32339e-03
  1.93900e+01	 -4.19309e-03
  1.94000e+01	 -4.42138e-03
  1.94100e+01	 -4.74871e-03
  1.94200e+01	 -5.64166e-03
  1.94300e+01	 -8.90793e-03
  1.94400e+01	 -1.27172e-02
  1.94500e+01	 -1.43277e-02
  1.94600e+01	 -1.25363e-02
  1.94700e+01	 -1.00117e-02
  1.94800e+01	 -9.32735e-03
  1.94900e+01	 -7.97661e-03
  1.95000e+01	 -6.47299e-03
  1.95100e+01	 -6.02245e-03
  1.95200e+01	 -4.90850e-03
  1.95300e+01	 -4.08242e-03
  1.95400e+01	 -4.12370e-03
  1.95500e+01	 -4.12573e-03
  1.95600e+01	 -5.39274e-03
  1.95700e+01	 -7.57690e-03
  1.95800e+01	 -9.38245e-03
  1.95900e+01	 -1.20284e-02
  1.96000e+01	 -1.37830e-02
  1.96100e+01	 -1.19622e-02
  1.96200e+01	 -8.46413e-03
  1.96300e+01	 -5.65252e-03
  1.96400e+01	 -4.66969e-03
  1.96500e+01	 -7.36355e-03
  1.96600e+01	 -1.07541e-02
  1.96700e+01	 -1.14077e-02
  1.96800e+01	 -1.32426e-02
  1.96900e+01	 -1.45317e-02
  1.97000e+01	 -9.72462e-03
  1.97100e+01	 -5.57029e-03
  1.97200e+01	 -5.70508e-03
  1.97300e+01	 -5.79962e-03
  1.97400e+01	 -7.48055e-03
  1.97500e+01	 -8.92880e-03
  1.97600e+01	 -5.84743e-03
  1.97700e+01	 -1.18819e-03
  1.97800e+01	  2.34868e-03
  1.97900e+01	  6.66704e-03
  1.98000e+01	  1.18136e-02
  1.98100e+01	  1.48233e-02
  1.98200e+01	  1.44713e-02
  1.98300e+01	  1.41235e-02
  1.98400e+01	  1.56395e-02
  1.98500e+01	  1.65043e-02
  1.98600e+01	  1.68425e-02
  1.98700e+01	  1.75907e-02
  1.98800e+01	  1.81869e-02
  1.98900e+01	  1.73662e-02
  1.99000e+01	  1.46911e-02
  1.99100e+01	  1.15966e-02
  1.99200e+01	  5.66110e-03
  1.99300e+01	 -2.70317e-03
  1.99400e+01	 -7.45053e-03
  1.99500e+01	 -9.61491e-03
  1.99600e+01	 -1.13919e-02
  1.99700e+01	 -1.27181e-02
  1.99800e+01	 -1.30057e-02
  1.99900e+01	 -8.51052e-03
  2.00000e+01	 -3.06226e-03
  2.00100e+01	 -1.18327e-03
  2.00200e+01	 -2.13083e-03
  2.00300e+01	 -5.36024e-03
  2.00400e+01	 -7.56105e-03
  2.00500e+01	 -7.57214e-03
  2.00600e+01	 -3.72755e-03
  2.00700e+01	  1.61279e-03
  2.00800e+01	  3.17628e-03
  2.00900e+01	  4.70649e-03
  2.01000e+01	  4.53101e-03
  2.01100e+01	  2.81791e-04
  2.01200e+01	 -2.35950e-03
  2.01300e+01	 -3.81138e-03
  2.01400e+01	 -5.84276e-03
  2.01500e+01	 -6.33788e-03
  2.01600e+01	 -4.30786e-03
  2.01700e+01	 -1.58852e-03
  2.01800e+01	  4.83223e-04
  2.01900e+01	  1.85728e-03
  2.02000e+01	 -3.44860e-04
  2.02100e+01	 -4.25034e-03
  2.02200e+01	 -6.16967e-03
  2.02300e+01	 -9.06016e-03
  2.02400e+01	 -1.27106e-02
  2.02500e+01	 -1.41423e-02
  2.02600e+01	 -1.46207e-02
  2.02700e+01	 -1.49466e-02
  2.02800e+01	 -1.23703e-02
  2.02900e+01	 -7.07822e-03
  2.03000e+01	 -2.87059e-03
  2.03100e+01	  9.86436e-04
  2.03200e+01	  4.50724e-03
  2.03300e+01	  4.81543e-03
  2.03400e+01	  5.31290e-03
  2.03500e+01	  7.16074e-03
  2.03600e+01	  6.20163e-03
  2.03700e+01	  3.57854e-03
  2.03800e+01	  1.46325e-03
  2.03900e+01	 -7.13890e-05
  2.04000e+01	 -7.09513e-04
  2.04100e+01	 -8.36526e-04
  2.04200e+01	 -1.20531e-03
  2.04300e+01	 -2.53906e-03
  2.04400e+01	 -5.07790e-03
  2.04500e+01	 -8.67906e-03
  2.04600e+01	 -1.15548e-02
  2.04700e+01	 -1.25342e-02
  2.04800e+01	 -1.12492e-02
  2.04900e+01	 -8.93304e-03
  2.05000e+01	 -5.93186e-03
  2.05100e+01	  1.21146e-03
  2.05200e+01	  7.52673e-03
  2.05300e+01	  9.21648e-03
  2.05400e+01	  8.24242e-03
  2.05500e+01	  4.14401e-03
  2.05600e+01	  1.15949e-03
  2.05700e+01	 -1.56938e-03
  2.05800e+01	 -2.62706e-03
  2.05900e+01	  3.44291e-03
  2.06000e+01	  8.02086e-03
  2.06100e+01	  8.55974e-03
  2.06200e+01	  1.23138e-02
  2.06300e+01	  1.38428e-02
  2.06400e+01	  9.08198e-03
  2.06500e+01	  4.67626e-03
  2.06600e+01	 -8.61033e-04
  2.06700e+01	 -8.46776e-03
  2.06800e+01	 -1.18287e-02
  2.06900e+01	 -1.04509e-02
  2.07000e+01	 -6.29330e-03
  2.07100e+01	 -9.12434e-05
  2.07200e+01	  8.19031e-03
  2.07300e+01	  1.35646e-02
  2.07400e+01	  1.30865e-02
  2.07500e+01	  1.43933e-02
  2.07600e+01	  1.76836e-02
  2.07700e+01	  1.91656e-02
  2.07800e+01	  1.84550e-02
  2.07900e+01	  1.37184e-02
  2.08000e+01	  9.37286e-03
  2.08100e+01	  5.49568e-03
  2.08200e+01	 -1.30271e-03
  2.08300e+01	 -3.61221e-03
  2.08400e+01	 -2.74474e-03
  2.08500e+01	 -5.95493e-03
  2.08600e+01	 -8.82462e-03
  2.08700e+01	 -1.01658e-02
  2.08800e+01	 -8.77136e-03
  2.08900e+01	 -8.83138e-04
  2.09000e+01	  8.70735e-03
  2.09100e+01	  1.52435e-02
  2.09200e+01	  1.77103e-02
  2.09300e+01	  1.46847e-02
  2.09400e+01	  8.75393e-03
  2.09500e+01	  5.69846e-03
  2.09600e+01	  7.38590e-03
  2.09700e+01	  1.21018e-02
  2.09800e+01	  1.39175e-02
  2.09900e+01	  1.35876e-02
  2.10000e+01	  1.47969e-02
  2.10100e+01	  1.21632e-02
  2.10200e+01	  7.46701e-03
  2.10300e+01	  5.32850e-03
  2.10400e+01	  3.79958e-03
  2.10500e+01	  4.21336e-03
  2.10600e+01	  5.48031e-03
  2.10700e+01	  5.22715e-03
  2.10800e+01	  4.88728e-03
  2.10900e+01	  1.81372e-03
  2.11000e+01	 -2.93752e-03
  2.11100e+01	 -5.62384e-03
  2.11200e+01	 -4.80743e-03
  2.11300e+01	  1.18617e-03
  2.11400e+01	  6.16049e-03
  2.11500e+01	  8.79473e-03
  2.11600e+01	  1.37853e-02
  2.11700e+01	  1.37887e-02
  2.11800e+01	  7.92621e-03
  2.11900e+01	  5.58286e-03
  2.12000e+01	  3.32180e-03
  2.12100e+01	 -8.19808e-04
  2.12200e+01	 -5.06361e-04
  2.12300e+01	  6.51231e-04
  2.12400e+01	 -1.13177e-03
  2.12500e+01	 -3.25730e-03
  2.12600e+01	 -5.64304e-03
  2.12700e+01	 -7.32482e-03
  2.12800e+01	 -7.94911e-03
  2.12900e+01	 -7.66961e-03
  2.13000e+01	 -5.69657e-03
  2.13100e+01	 -4.37292e-03
  2.13200e+01	 -3.30112e-03
  2.13300e+01	 -1.82093e-03
  2.13400e+01	 -3.71886e-03
  2.13500e+01	 -7.45971e-03
  2.13600e+01	 -9.07952e-03
  2.13700e+01	 -1.12512e-02
  2.13800e+01	 -1.23270e-02
  2.13900e+01	 -8.84694e-03
  2.14000e+01	 -6.23253e-03
  2.14100e+01	 -5.22158e-03
  2.14200e+01	 -2.49404e-03
  2.14300e+01	 -2.17405e-03
  2.14400e+01	 -4.79859e-03
  2.14500e+01	 -5.93091e-03
  2.14600e+01	 -5.90537e-03
  2.14700e+01	 -2.04049e-03
  2.14800e+01	  5.27326e-03
  2.14900e+01	  9.66829e-03
  2.15000e+01	  1.20086e-02
  2.15100e+01	  9.58645e-03
  2.15200e+01	  2.58546e-03
  2.15300e+01	 -2.95797e-03
  2.15400e+01	 -7.14012e-03
  2.15500e+01	 -6.65451e-03
  2.15600e+01	 -2.97360e-03
  2.15700e+01	 -2.60124e-03
  2.15800e+01	 -3.83628e-03
  2.15900e+01	 -3.19281e-03
  2.16000e+01	 -1.98546e-03
  2.16100e+01	 -1.72821e-03
  2.16200e+01	 -1.48040e-03
  2.16300e+01	 -1.11089e-03
  2.16400e+01	 -9.06188e-04
  2.16500e+01	 -5.94857e-04
  2.16600e+01	  6.50055e-04
  2.16700e+01	  2.69840e-03
  2.16800e+01	  4.50110e-03
  2.16900e+01	  4.62139e-03
  2.17000e+01	  1.50114e-03
  2.17100e+01	 -1.88722e-03
  2.17200e+01	 -3.44610e-03
  2.17300e+01	 -6.38749e-03
  2.17400e+01	 -9.24000e-03
  2.17500e+01	 -7.39636e-03
  2.17600e+01	 -4.58425e-03
  2.17700e+01	 -3.04227e-03
  2.17800e+01	  4.36231e-04
  2.17900e+01	  2.23731e-03
  2.18000e+01	  1.58649e-03
  2.18100e+01	  4.99305e-05
  2.18200e+01	 -3.09013e-03
  2.18300e+01	 -5.04482e-03
  2.18400e+01	 -6.43595e-03
  2.18500e+01	 -5.06746e-03
  2.18600e+01	  4.95780e-04
  2.18700e+01	  3.45173e-03
  2.18800e+01	  4.45190e-03
  2.18900e+01	  6.57755e-03
  2.19000e+01	  6.22491e-03
  2.19100e+01	  3.91246e-03
  2.19200e+01	  3.09851e-03
  2.19300e+01	  2.26596e-03
  2.19400e+01	  3.34939e-05
  2.19500e+01	 -2.56045e-03
  2.19600e+01	 -5.09451e-03
  2.19700e+01	 -9.35330e-03
  2.19800e+01	 -1.57329e-02
  2.19900e+01	 -1.90119e-02
  2.20000e+01	 -1.79914e-02
  2.20100e+01	 -1.58407e-02
  2.20200e+01	 -1.18629e-02
  2.20300e+01	 -7.51762e-03
  2.20400e+01	 -6.92963e-03
  2.20500e+01	 -7.19335e-03
  2.20600e+01	 -5.07058e-03
  2.20700e+01	 -2.51910e-03
  2.20800e+01	 -6.02998e-04
  2.20900e+01	 -3.91321e-04
  2.21000e+01	 -1.32209e-03
  2.21100e+01	 -1.98254e-03
  2.21200e+01	 -2.52675e-03
  2.21300e+01	 -3.23200e-03
  2.21400e+01	 -3.10063e-03
  2.21500e+01	 -1.20801e-03
  2.21600e+01	  3.31097e-04
  2.21700e+01	  1.76587e-03
  2.21800e+01	  4.69470e-03
  2.21900e+01	  7.83968e-03
  2.22000e+01	  9.44756e-03
  2.22100e+01	  7.87815e-03
  2.22200e+01	  5.34799e-03
  2.22300e+01	  3.12177e-03
  2.22400e+01	  4.79070e-04
  2.22500e+01	 -1.07795e-04
  2.22600e+01	 -1.54427e-04
  2.22700e+01	 -1.57119e-03
  2.22800e+01	 -2.78214e-03
  2.22900e+01	 -3.51327e-03
  2.23000e+01	 -2.35268e-03
  2.23100e+01	  5.40392e-04
  2.23200e+01	  2.23451e-03
  2.23300e+01	  3.97940e-03
  2.23400e+01	  6.01069e-03
  2.23500e+01	  3.77225e-03
  2.23600e+01	 -6.36411e-04
  2.23700e+01	 -2.82835e-03
  2.23800e+01	 -3.90741e-03
  2.23900e+01	 -3.33849e-03
  2.24000e+01	 -2.52372e-03
  2.24100e+01	 -3.30235e-03
  2.24200e+01	 -3.34613e-03
  2.24300e+01	 -2.79502e-03
  2.24400e+01	 -2.82054e-03
  2.24500e+01	 -7.08974e-04
  2.24600e+01	  4.83325e-03
  2.24700e+01	  8.23854e-03
  2.24800e+01	  8.27555e-03
  2.24900e+01	  1.04643e-02
  2.25000e+01	  1.14120e-02
  2.25100e+01	  7.50640e-03
  2.25200e+01	  5.04621e-03
  2.25300e+01	  3.48150e-03
  2.25400e+01	 -5.07954e-04
  2.25500e+01	 -3.37240e-03
  2.25600e+01	 -3.27034e-03
  2.25700e+01	 -1.54899e-03
  2.25800e+01	 -7.36640e-04
  2.25900e+01	 -6.96187e-04
  2.26000e+01	 -2.53590e-04
  2.26100e+01	 -3.28952e-04
  2.26200e+01	  3.63596e-04
  2.26300e+01	  2.99098e-03
  2.26400e+01	  5.43473e-03
  2.26500e+01	  6.21665e-03
  2.26600e+01	  7.01413e-03
  2.26700e+01	  7.45180e-03
  2.26800e+01	  5.21360e-03
  2.26900e+01	  2.39556e-03
  2.27000e+01	 -1.46121e-03
  2.27100e+01	 -8.95386e-03
  2.27200e+01	 -1.34347e-02
  2.27300e+01	 -1.25590e-02
  2.27400e+01	 -1.20960e-02
  2.27500e+01	 -1.13024e-02
  2.27600e+01	 -9.00721e-03
  2.27700e+01	 -4.37426e-03
  2.27800e+01	  2.89461e-04
  2.27900e+01	  1.43605e-03
  2.28000e+01	  2.58553e-03
  2.28100e+01	  2.72271e-03
  2.28200e+01	  1.20186e-03
  2.28300e+01	  1.38814e-03
  2.28400e+01	  2.39231e-03
  2.28500e+01	  3.22852e-03
  2.28600e+01	  4.03503e-03
  2.28700e+01	  5.11029e-03
  2.28800e+01	  5.18270e-03
  2.28900e+01	  3.09299e-03
  2.29000e+01	  1.66819e-03
  2.29100e+01	  1.41421e-03
  2.29200e+01	  1.21629e-03
  2.29300e+01	  2.37758e-03
  2.29400e+01	  3.68552e-03
  2.29500e+01	  4.56246e-03
  2.29600e+01	  6.45800e-03
  2.29700e+01	  7.73375e-03
  2.29800e+01	  8.39976e-03
  2.29900e+01	  9.34242e-03
  2.30000e+01	  7.72085e-03
  2.30100e+01	  4.46608e-03
  2.30200e+01	  2.38944e-03
  2.30300e+01	  4.46796e-04
  2.30400e+01	 -1.67787e-03
  2.30500e+01	 -2.98520e-03
  2.30600e+01	 -1.76968e-03
  2.30700e+01	  5.83294e-04
  2.30800e+01	  2.34107e-03
  2.30900e+01	  5.41740e-03
  2.31000e+01	  7.79722e-03
  2.31100e+01	  7.30614e-03
  2.31200e+01	  5.57327e-03
  2.31300e+01	  4.03969e-03
  2.31400e+01	  1.23532e-03
  2.31500e+01	 -3.23029e-03
  2.31600e+01	 -5.30491e-03
  2.31700e+01	 -5.81628e-03
  2.31800e+01	 -7.36454e-03
  2.31900e+01	 -6.28133e-03
  2.32000e+01	 -2.54765e-03
  2.32100e+01	  8.42682e-04
  2.32200e+01	  5.40287e-03
  2.32300e+01	  7.40922e-03
  2.32400e+01	  5.69256e-03
  2.32500e+01	  6.58724e-03
  2.32600e+01	  7.75893e-03
  2.32700e+01	  6.86571e-03
  2.32800e+01	  6.51085e-03
  2.32900e+01	  5.15639e-03
  2.33000e+01	  2.94297e-03
  2.33100e+01	  1.38155e-03
  2.33200e+01	 -9.44731e-04
  2.33300e+01	 -3.77058e-03
  2.33400e+01	 -5.74843e-03
  2.33500e+01	 -7.39877e-03
  2.33600e+01	 -9.21071e-03
  2.33700e+01	 -8.19132e-03
  2.33800e+01	 -4.26384e-03
  2.33900e+01	 -2.19697e-03
  2.34000e+01	 -5.32637e-04
  2.34100e+01	  2.47271e-03
  2.34200e+01	  3.64417e-03
  2.34300e+01	  2.22322e-03
  2.34400e+01	 -3.46354e-05
  2.34500e+01	 -1.62476e-03
  2.34600e+01	 -3.26822e-03
  2.34700e+01	 -3.84051e-03
  2.34800e+01	 -8.54416e-04
  2.34900e+01	  3.58267e-03
  2.35000e+01	  6.74600e-03
  2.35100e+01	  7.09533e-03
  2.35200e+01	  4.92631e-03
  2.35300e+01	  2.68893e-03
  2.35400e+01	  1.72052e-03
  2.35500e+01	  2.23846e-03
  2.35600e+01	  2.22351e-03
  2.35700e+01	  9.47801e-04
  2.35800e+01	 -4.67072e-04
  2.35900e+01	 -2.60871e-03
  2.36000e+01	 -4.85708e-03
  2.36100e+01	 -4.37173e-03
  2.36200e+01	 -1.61893e-03
  2.36300e+01	 -3.07405e-04
  2.36400e+01	  1.32530e-04
  2.36500e+01	  1.03147e-04
  2.36600e+01	 -2.28090e-03
  2.36700e+01	 -5.22510e-03
  2.36800e+01	 -7.13822e-03
  2.36900e+01	 -9.01121e-03
  2.37000e+01	 -1.12583e-02
  2.37100e+01	 -1.13794e-02
  2.37200e+01	 -8.65663e-03
  2.37300e+01	 -7.19035e-03
  2.37400e+01	 -6.72598e-03
  2.37500e+01	 -4.64167e-03
  2.37600e+01	 -3.01864e-03
  2.37700e+01	 -2.64242e-03
  2.37800e+01	 -2.00470e-03
  2.37900e+01	 -1.43187e-03
  2.38000e+01	 -1.20548e-03
  2.38100e+01	 -1.14056e-03
  2.38200e+01	 -6.30195e-04
  2.38300e+01	  1.21993e-03
  2.38400e+01	  2.79689e-03
  2.38500e+01	  3.33166e-03
  2.38600e+01	  3.81599e-03
  2.38700e+01	  2.97160e-03
  2.38800e+01	  1.23035e-03
  2.38900e+01	  3.90550e-04
  2.39000e+01	 -7.18026e-04
  2.39100e+01	 -1.87463e-03
  2.39200e+01	 -2.16725e-03
  2.39300e+01	 -2.75753e-03
  2.39400e+01	 -3.70457e-03
  2.39500e+01	 -4.20798e-03
  2.39600e+01	 -3.69352e-03
  2.39700e+01	 -2.61478e-03
  2.39800e+01	 -2.30415e-03
  2.39900e+01	 -2.31181e-03
  2.40000e+01	 -1.91580e-03
  2.40100e+01	 -1.95883e-03
  2.40200e+01	 -2.42047e-03
  2.40300e+01	 -2.77576e-03
  2.40400e+01	 -4.51066e-03
  2.40500e+01	 -6.93419e-03
  2.40600e+01	 -7.75177e-03
  2.40700e+01	 -8.87837e-03
  2.40800e+01	 -1.12252e-02
  2.40900e+01	 -1.18516e-02
  2.41000e+01	 -1.07045e-02
  2.41100e+01	 -1.06476e-02
  2.41200e+01	 -1.13804e-02
  2.41300e+01	 -1.13864e-02
  2.41400e+01	 -1.13522e-02
  2.41500e+01	 -1.16126e-02
  2.41600e+01	 -1.02335e-02
  2.41700e+01	 -7.02130e-03
  2.41800e+01	 -4.83106e-03
  2.41900e+01	 -3.23484e-03
  2.42000e+01	 -1.12518e-03
  2.42100e+01	 -6.35351e-05
  2.42200e+01	  7.57048e-04
  2.42300e+01	  1.49051e-03
  2.42400e+01	  2.68402e-04
  2.42500e+01	 -9.72007e-04
  2.42600e+01	 -1.02727e-03
  2.42700e+01	 -1.87216e-03
  2.42800e+01	 -2.77573e-03
  2.42900e+01	 -2.29434e-03
  2.43000e+01	 -1.62060e-03
  2.43100e+01	 -1.34362e-03
  2.43200e+01	 -1.84365e-03
  2.43300e+01	 -3.91687e-03
  2.43400e+01	 -5.66301e-03
  2.43500e+01	 -6.28423e-03
  2.43600e+01	 -6.50082e-03
  2.43700e+01	 -5.61112e-03
  2.43800e+01	 -4.74900e-03
  2.43900e+01	 -4.92993e-03
  2.44000e+01	 -4.81974e-03
  2.44100e+01	 -4.69653e-03
  2.44200e+01	 -5.26052e-03
  2.44300e+01	 -5.15851e-03
  2.44400e+01	 -4.43703e-03
  2.44500e+01	 -4.21760e-03
  2.44600e+01	 -4.02467e-03
  2.44700e+01	 -4.96418e-03
  2.44800e+01	 -7.75518e-03
  2.44900e+01	 -1.01897e-02
  2.45000e+01	 -9.60032e-03
  2.45100e+01	 -5.92200e-03
  2.45200e+01	 -2.77269e-03
  2.45300e+01	  8.31341e-04
  2.45400e+01	  4.89021e-03
  2.45500e+01	  5.02652e-03
  2.45600e+01	  2.90700e-03
  2.45700e+01	  1.89930e-03
  2.45800e+01	  2.40133e-03
  2.45900e+01	  3.25349e-03
  2.46000e+01	  3.77525e-03
  2.46100e+01	  4.59669e-03
  2.46200e+01	  6.04293e-03
  2.46300e+01	  5.74098e-03
  2.46400e+01	  2.65519e-03
  2.46500e+01	  9.25059e-04
  2.46600e+01	  8.44523e-04
  2.46700e+01	  1.08215e-03
  2.46800e+01	  2.97034e-03
  2.46900e+01	  4.50479e-03
  2.47000e+01	  5.73569e-03
  2.47100e+01	  7.78930e-03
  2.47200e+01	  8.37270e-03
  2.47300e+01	  7.91373e-03
  2.47400e+01	  7.80461e-03
  2.47500e+01	  7.48049e-03
  2.47600e+01	  6.76761e-03
  2.47700e+01	  7.03005e-03
  2.47800e+01	  8.85120e-03
  2.47900e+01	  1.00069e-02
  2.48000e+01	  1.02192e-02
  2.48100e+01	  1.09485e-02
  2.48200e+01	  1.08621e-02
  2.48300e+01	  9.52964e-03
  2.48400e+01	  8.77546e-03
  2.48500e+01	  9.32765e-03
  2.48600e+01	  1.07144e-02
  2.48700e+01	  1.15891e-02
  2.48800e+01	  1.21942e-02
  2.48900e+01	  1.19655e-02
  2.49000e+01	  9.44014e-03
  2.49100e+01	  7.28235e-03
  2.49200e+01	  6.09640e-03
  2.49300e+01	  3.79864e-03
  2.49400e+01	  3.00684e-03
  2.49500e+01	  4.95945e-03
  2.49600e+01	  5.73102e-03
  2.49700e+01	  5.75007e-03
  2.49800e+01	  7.30122e-03
  2.49900e+01	  8.85401e-03
  2.50000e+01	  9.65116e-03
  2.50100e+01	  8.83976e-03
  2.50200e+01	  6.88113e-03
  2.50300e+01	  4.65313e-03
  2.50400e+01	  7.77476e-04
  2.50500e+01	 -2.17276e-03
  2.50600e+01	 -3.62058e-03
  2.50700e+01	 -5.73661e-03
  2.50800e+01	 -6.15894e-03
  2.50900e+01	 -5.87004e-03
  2.51000e+01	 -7.65357e-03
  2.51100e+01	 -9.40216e-03
  2.51200e+01	 -1.04108e-02
  2.51300e+01	 -1.00702e-02
  2.51400e+01	 -6.38615e-03
  2.51500e+01	 -3.14261e-03
  2.51600e+01	 -2.24443e-03
  2.51700e+01	 -1.48992e-04
  2.51800e+01	  7.37132e-04
  2.51900e+01	 -1.57961e-03
  2.52000e+01	 -2.62135e-03
  2.52100e+01	 -2.05626e-03
  2.52200e+01	 -2.36908e-03
  2.52300e+01	 -2.56472e-03
  2.52400e+01	 -2.43827e-03
  2.52500e+01	 -2.43924e-03
  2.52600e+01	 -2.37986e-03
  2.52700e+01	 -2.24416e-03
  2.52800e+01	 -2.23704e-03
  2.52900e+01	 -2.32510e-03
  2.53000e+01	 -2.30699e-03
  2.53100e+01	 -2.60985e-03
  2.53200e+01	 -4.05854e-03
  2.53300e+01	 -5.63830e-03
  2.53400e+01	 -6.58566e-03
  2.53500e+01	 -7.12582e-03
  2.53600e+01	 -5.44014e-03
  2.53700e+01	 -2.69677e-03
  2.53800e+01	 -1.97672e-03
  2.53900e+01	 -1.54804e-03
  2.54000e+01	  8.67829e-05
  2.54100e+01	  2.01708e-04
  2.54200e+01	 -2.14040e-03
  2.54300e+01	 -4.35769e-03
  2.54400e+01	 -6.49012e-03
  2.54500e+01	 -8.11410e-03
  2.54600e+01	 -8.44236e-03
  2.54700e+01	 -9.07135e-03
  2.54800e+01	 -7.81994e-03
  2.54900e+01	 -5.21300e-03
  2.55000e+01	 -4.78160e-03
  2.55100e+01	 -4.24076e-03
  2.55200e+01	 -2.91257e-03
  2.55300e+01	 -2.57991e-03
  2.55400e+01	 -1.52646e-03
  2.55500e+01	  4.93953e-04
  2.55600e+01	  1.77859e-03
  2.55700e+01	  2.84994e-03
  2.55800e+01	  4.16962e-03
  2.55900e+01	  4.66919e-03
  2.56000e+01	  4.47736e-03
  2.56100e+01	  4.75750e-03
  2.56200e+01	  5.01410e-03
  2.56300e+01	  4.71208e-03
  2.56400e+01	  4.47393e-03
  2.56500e+01	  4.16700e-03
  2.56600e+01	  3.88213e-03
  2.56700e+01	  4.39686e-03
  2.56800e+01	  5.14046e-03
  2.56900e+01	  5.52661e-03
  2.57000e+01	  6.57490e-03
  2.57100e+01	  7.37910e-03
  2.57200e+01	  6.01989e-03
  2.57300e+01	  4.42735e-03
  2.57400e+01	  4.08435e-03
  2.57500e+01	  3.33177e-03
  2.57600e+01	  2.67747e-03
  2.57700e+01	  3.06022e-03
  2.57800e+01	  3.47791e-03
  2.57900e+01	  3.87696e-03
  2.58000e+01	  4.34891e-03
  2.58100e+01	  4.64034e-03
  2.58200e+01	  5.89789e-03
  2.58300e+01	  8.41911e-03
  2.58400e+01	  1.03329e-02
  2.58500e+01	  1.19742e-02
  2.58600e+01	  1.33085e-02
  2.58700e+01	  1.18208e-02
  2.58800e+01	  9.65683e-03
  2.58900e+01	  9.21863e-03
  2.59000e+01	  8.15381e-03
  2.59100e+01	  6.95219e-03
  2.59200e+01	  7.17600e-03
  2.59300e+01	  7.16285e-03
  2.59400e+01	  6.26561e-03
  2.59500e+01	  5.15299e-03
  2.59600e+01	  4.22155e-03
  2.59700e+01	  3.41023e-03
  2.59800e+01	  2.08721e-03
  2.59900e+01	  3.42461e-04
  2.60000e+01	 -5.51899e-04
  2.60100e+01	  2.53536e-04
  2.60200e+01	  1.17390e-03
  2.60300e+01	  8.39600e-04
  2.60400e+01	  5.05544e-04
  2.60500e+01	  5.37551e-04
  2.60600e+01	  2.15804e-04
  2.60700e+01	 -8.65897e-05
  2.60800e+01	 -1.02700e-04
  2.60900e+01	 -1.67734e-04
  2.61000e+01	 -2.23387e-04
  2.61100e+01	  4.23803e-04
  2.61200e+01	  1.28917e-03
  2.61300e+01	  1.27730e-03
  2.61400e+01	  1.24667e-03
  2.61500e+01	  1.36047e-03
  2.61600e+01	  7.74751e-04
  2.61700e+01	  2.48628e-04
  2.61800e+01	 -6.07660e-05
  2.61900e+01	 -6.41034e-04
  2.62000e+01	 -1.13018e-03
  2.62100e+01	 -1.53747e-03
  2.62200e+01	 -1.77173e-03
  2.62300e+01	 -1.38344e-03
  2.62400e+01	 -1.00546e-03
  2.62500e+01	 -8.84118e-04
  2.62600e+01	  2.26333e-04
  2.62700e+01	  1.87537e-03
  2.62800e+01	  2.07135e-03
  2.62900e+01	  6.75394e-04
  2.63000e+01	 -5.32508e-04
  2.63100e+01	 -1.32176e-03
  2.63200e+01	 -3.10254e-03
  2.63300e+01	 -4.68243e-03
  2.63400e+01	 -5.04695e-03
  2.63500e+01	 -5.06704e-03
  2.63600e+01	 -4.13210e-03
  2.63700e+01	 -2.84962e-03
  2.63800e+01	 -2.46102e-03
  2.63900e+01	 -2.33244e-03
  2.64000e+01	 -2.63820e-03
  2.64100e+01	 -3.14332e-03
  2.64200e+01	 -3.10086e-03
  2.64300e+01	 -2.97116e-03
  2.64400e+01	 -2.89846e-03
  2.64500e+01	 -3.55441e-03
  2.64600e+01	 -5.13444e-03
  2.64700e+01	 -5.97070e-03
  2.64800e+01	 -5.78082e-03
  2.64900e+01	 -4.66399e-03
  2.65000e+01	 -2.92653e-03
  2.65100e+01	 -1.53859e-03
  2.65200e+01	 -1.83187e-04
  2.65300e+01	  5.82762e-04
  2.65400e+01	  9.71692e-04
  2.65500e+01	  2.02491e-03
  2.65600e+01	  2.82956e-03
  2.65700e+01	  2.91862e-03
  2.65800e+01	  2.81410e-03
  2.65900e+01	  2.46182e-03
  2.66000e+01	  2.06796e-03
  2.66100e+01	  2.37373e-03
  2.66200e+01	  2.94002e-03
  2.66300e+01	  3.01048e-03
  2.66400e+01	  3.05256e-03
  2.66500e+01	  3.39205e-03
  2.66600e+01	  3.18038e-03
  2.66700e+01	  2.15481e-03
  2.66800e+01	  1.34758e-03
  2.66900e+01	  8.63304e-04
  2.67000e+01	  6.40888e-04
  2.67100e+01	  9.00084e-04
  2.67200e+01	  8.25615e-04
  2.67300e+01	  7.79992e-05
  2.67400e+01	 -6.13950e-04
  2.67500e+01	 -7.65263e-04
  2.67600e+01	 -7.64629e-04
  2.67700e+01	 -9.35722e-04
  2.67800e+01	 -1.26162e-03
  2.67900e+01	 -1.82500e-03
  2.68000e+01	 -2.29219e-03
  2.68100e+01	 -2.51589e-03
  2.68200e+01	 -2.75015e-03
  2.68300e+01	 -2.91116e-03
  2.68400e+01	 -2.99673e-03
  2.68500e+01	 -3.11991e-03
  2.68600e+01	 -3.06189e-03
  2.68700e+01	 -2.75880e-03
  2.68800e+01	 -2.54131e-03
  2.68900e+01	 -2.78707e-03
  2.69000e+01	 -3.37367e-03
  2.69100e+01	 -3.48208e-03
  2.69200e+01	 -3.17461e-03
  2.69300e+01	 -2.86295e-03
  2.69400e+01	 -2.29157e-03
  2.69500e+01	 -1.61261e-03
  2.69600e+01	 -1.02751e-03
  2.69700e+01	 -8.61988e-04
  2.69800e+01	 -9.61429e-04
  2.69900e+01	 -7.59881e-04
  2.70000e+01	 -6.08655e-04
  2.70100e+01	 -5.37994e-04
  2.70200e+01	 -8.81786e-05
  2.70300e+01	  6.24269e-04
  2.70400e+01	  1.45886e-03
  2.70500e+01	  2.19526e-03
  2.70600e+01	  2.33546e-03
  2.70700e+01	  2.10066e-03
  2.70800e+01	  2.04716e-03
  2.70900e+01	  2.06008e-03
  2.71000e+01	  1.93550e-03
  2.71100e+01	  1.83678e-03
  2.71200e+01	  1.80484e-03
  2.71300e+01	  1.67904e-03
  2.71400e+01	  1.41767e-03
  2.71500e+01	  1.10645e-03
  2.71600e+01	  7.72693e-04
  2.71700e+01	  4.35867e-04
  2.71800e+01	  2.97419e-04
  2.71900e+01	  3.86765e-04
  2.72000e+01	  4.39598e-04
  2.72100e+01	  3.49609e-04
  2.72200e+01	  1.50726e-04
  2.72300e+01	 -6.06927e-05
  2.72400e+01	 -2.78686e-04
  2.72500e+01	 -4.46878e-04
  2.72600e+01	 -4.15541e-04
  2.72700e+01	 -3.74491e-04
  2.72800e+01	 -2.27855e-04
  2.72900e+01	  2.58796e-05
  2.73000e+01	 -3.49483e-05
  2.73100e+01	 -2.64715e-04
  2.73200e+01	 -6.01079e-04
  2.73300e+01	 -1.09227e-03
  2.73400e+01	 -1.32853e-03
  2.73500e+01	 -1.23164e-03
  2.73600e+01	 -9.89305e-04
  2.73700e+01	 -5.93750e-04
  2.73800e+01	 -3.20163e-04
  2.73900e+01	 -3.79381e-04
  2.74000e+01	 -5.28384e-04
  2.74100e+01	 -7.99001e-04
  2.74200e+01	 -1.07572e-03
  2.74300e+01	 -1.11551e-03
  2.74400e+01	 -1.06672e-03
  2.74500e+01	 -9.41038e-04
  2.74600e+01	 -7.78958e-04
  2.74700e+01	 -6.55409e-04
  2.74800e+01	 -5.05423e-04
  2.74900e+01	 -3.44117e-04
  2.75000e+01	 -2.47640e-04
  2.75100e+01	 -2.18166e-04
  2.75200e+01	 -2.43486e-04
  2.75300e+01	 -4.94283e-04
  2.75400e+01	 -8.04425e-04
  2.75500e+01	 -7.68295e-04
  2.75600e+01	 -5.70305e-04
  2.75700e+01	 -4.31774e-04
  2.75800e+01	 -2.41875e-04
  2.75900e+01	 -1.23869e-04
  2.76000e+01	 -1.48349e-04
  2.76100e+01	 -1.59468e-04
  2.76200e+01	 -1.61285e-04
  2.76300e+01	 -1.73090e-04
  2.76400e+01	 -1.35495e-04
  2.76500e+01	 -8.81791e-05
  2.76600e+01	 -9.06544e-05
  2.76700e+01	 -1.04857e-04
  2.76800e+01	 -1.27150e-04
  2.76900e+01	 -1.72585e-04
  2.77000e+01	 -2.02129e-04
  2.77100e+01	 -2.08572e-04
  2.77200e+01	 -2.06350e-04
  2.77300e+01	 -2.12370e-04
  2.77400e+01	 -2.26151e-04
  2.77500e+01	 -2.34468e-04
  2.77600e+01	 -2.44273e-04
  2.77700e+01	 -2.58637e-04
  2.77800e+01	 -2.71386e-04
  2.77900e+01	 -2.82035e-04
  2.78000e+01	 -2.95155e-04
  2.78100e+01	 -3.10044e-04
  2.78200e+01	 -3.23330e-04
  2.78300e+01	 -3.42686e-04
  2.78400e+01	 -3.75149e-04
  2.78500e+01	 -4.10822e-04
  2.78600e+01	 -4.30123e-04
  2.78700e+01	 -4.27859e-04
  2.78800e+01	 -4.11092e-04
  2.78900e+01	 -3.83440e-04
  2.79000e+01	 -3.50359e-04
  2.79100e+01	 -3.15528e-04
  2.79200e+01	 -2.81703e-04
  2.79300e+01	 -2.54412e-04
  2.79400e+01	 -2.32417e-04
  2.79500e+01	 -2.10488e-04
  2.79600e+01	 -1.87108e-04
  2.79700e+01	 -1.61973e-04
  2.79800e+01	 -1.36436e-04
  2.79900e+01	 -1.12042e-04
  2.80000e+01	 -8.85833e-05
