  1.00000e-02	  5.02735e-04
  2.00000e-02	  7.48869e-04
  3.00000e-02	  1.12548e-03
  4.00000e-02	  1.26848e-03
  5.00000e-02	  1.27161e-03
  6.00000e-02	  1.13219e-03
  7.00000e-02	  1.32489e-03
  8.00000e-02	  1.94844e-03
  9.00000e-02	  2.42433e-03
  1.00000e-01	  2.73864e-03
  1.10000e-01	  2.47960e-03
  1.20000e-01	  1.55848e-03
  1.30000e-01	  1.67540e-03
  1.40000e-01	  2.46211e-03
  1.50000e-01	  1.81961e-03
  1.60000e-01	  3.37563e-04
  1.70000e-01	 -9.32151e-05
  1.80000e-01	  3.16018e-05
  1.90000e-01	 -6.56665e-04
  2.00000e-01	 -1.58618e-03
  2.10000e-01	 -2.37678e-03
  2.20000e-01	 -2.64579e-03
  2.30000e-01	 -1.58689e-03
  2.40000e-01	  2.83716e-04
  2.50000e-01	  2.82725e-03
  2.60000e-01	  4.55580e-03
  2.70000e-01	  4.75779e-03
  2.80000e-01	  5.51290e-03
  2.90000e-01	  5.80722e-03
  3.00000e-01	  4.58188e-03
  3.10000e-01	  3.21374e-03
  3.20000e-01	  1.80565e-03
  3.30000e-01	  2.74451e-04
  3.40000e-01	  1.84141e-03
  3.50000e-01	  9.75026e-03
  3.60000e-01	  1.83362e-02
  3.70000e-01	  2.05075e-02
  3.80000e-01	  1.46184e-02
  3.90000e-01	  1.29602e-03
  4.00000e-01	 -9.37244e-03
  4.10000e-01	 -1.16016e-02
  4.20000e-01	 -1.19894e-02
  4.30000e-01	 -9.65224e-03
  4.40000e-01	 -6.21505e-03
  4.50000e-01	 -9.30118e-03
  4.60000e-01	 -1.55120e-02
  4.70000e-01	 -1.83268e-02
  4.80000e-01	 -1.27791e-02
  4.90000e-01	  1.45479e-03
  5.00000e-01	  9.74314e-03
  5.10000e-01	  7.84867e-03
  5.20000e-01	  8.75770e-03
  5.30000e-01	  1.00193e-02
  5.40000e-01	  6.71959e-03
  5.50000e-01	  5.46132e-03
  5.60000e-01	  7.36959e-03
  5.70000e-01	  7.45755e-03
  5.80000e-01	  3.09552e-03
  5.90000e-01	 -4.49604e-03
  6.00000e-01	 -9.96389e-03
  6.10000e-01	 -1.01695e-02
  6.20000e-01	 -1.02808e-02
  6.30000e-01	 -1.03076e-02
  6.40000e-01	 -5.51906e-03
  6.50000e-01	  1.87321e-03
  6.60000e-01	  6.36119e-03
  6.70000e-01	  8.35051e-03
  6.80000e-01	  1.22673e-02
  6.90000e-01	  1.61160e-02
  7.00000e-01	  1.42609e-02
  7.10000e-01	  7.99876e-03
  7.20000e-01	  4.09577e-03
  7.30000e-01	  3.76012e-03
  7.40000e-01	  3.61171e-03
  7.50000e-01	 -3.66321e-04
  7.60000e-01	 -6.73831e-03
  7.70000e-01	 -8.92808e-03
  7.80000e-01	 -7.35304e-03
  7.90000e-01	 -3.67394e-03
  8.00000e-01	  2.10488e-03
  8.10000e-01	  7.38992e-03
  8.20000e-01	  1.24369e-02
  8.30000e-01	  1.85113e-02
  8.40000e-01	  2.37878e-02
  8.50000e-01	  2.63922e-02
  8.60000e-01	  2.13588e-02
  8.70000e-01	 -1.21755e-03
  8.80000e-01	 -2.51210e-02
  8.90000e-01	 -2.45513e-02
  9.00000e-01	 -1.94216e-02
  9.10000e-01	 -2.37423e-02
  9.20000e-01	 -1.64553e-02
  9.30000e-01	  9.89950e-04
  9.40000e-01	  1.40565e-02
  9.50000e-01	  2.34463e-02
  9.60000e-01	  2.74567e-02
  9.70000e-01	  2.37099e-02
  9.80000e-01	  5.25849e-03
  9.90000e-01	 -1.83934e-02
  1.00000e+00	 -1.51399e-02
  1.01000e+00	 -5.71950e-03
  1.02000e+00	 -1.94536e-02
  1.03000e+00	 -3.15764e-02
  1.04000e+00	 -3.04068e-02
  1.05000e+00	 -3.02010e-02
  1.06000e+00	 -3.13489e-02
  1.07000e+00	 -2.56541e-02
  1.08000e+00	 -1.28705e-02
  1.09000e+00	  6.91323e-05
  1.10000e+00	  5.61135e-03
  1.11000e+00	  4.62756e-03
  1.12000e+00	  3.91644e-03
  1.13000e+00	  1.28597e-02
  1.14000e+00	  2.74274e-02
  1.15000e+00	  2.99321e-02
  1.16000e+00	  2.69935e-02
  1.17000e+00	  2.54320e-02
  1.18000e+00	  1.12680e-02
  1.19000e+00	 -2.69385e-03
  1.20000e+00	  7.18232e-04
  1.21000e+00	  6.55257e-03
  1.22000e+00	  7.84362e-03
  1.23000e+00	  1.02801e-02
  1.24000e+00	  1.17503e-02
  1.25000e+00	  9.61319e-03
  1.26000e+00	  8.65975e-03
  1.27000e+00	  1.61596e-02
  1.28000e+00	  2.71656e-02
  1.29000e+00	  3.04477e-02
  1.30000e+00	  2.88186e-02
  1.31000e+00	  2.74224e-02
  1.32000e+00	  2.21274e-02
  1.33000e+00	  1.54104e-02
  1.34000e+00	  9.98326e-03
  1.35000e+00	  3.07391e-03
  1.36000e+00	 -3.71394e-03
  1.37000e+00	 -6.99474e-03
  1.38000e+00	 -5.66542e-03
  1.39000e+00	 -1.58238e-03
  1.40000e+00	 -8.70587e-04
  1.41000e+00	 -6.91137e-03
  1.42000e+00	 -1.40514e-02
  1.43000e+00	 -1.76699e-02
  1.44000e+00	 -1.99941e-02
  1.45000e+00	 -2.02995e-02
  1.46000e+00	 -1.44412e-02
  1.47000e+00	 -6.71629e-03
  1.48000e+00	 -4.87291e-03
  1.49000e+00	 -1.98445e-03
  1.50000e+00	  1.22313e-02
  1.51000e+00	  2.84825e-02
  1.52000e+00	  3.54149e-02
  1.53000e+00	  3.74488e-02
  1.54000e+00	  3.07745e-02
  1.55000e+00	  4.27824e-03
  1.56000e+00	 -2.64370e-02
  1.57000e+00	 -5.58874e-02
  1.58000e+00	 -1.00622e-01
  1.59000e+00	 -1.37638e-01
  1.60000e+00	 -1.40185e-01
  1.61000e+00	 -1.20525e-01
  1.62000e+00	 -9.85378e-02
  1.63000e+00	 -8.60459e-02
  1.64000e+00	 -8.08329e-02
  1.65000e+00	 -7.18303e-02
  1.66000e+00	 -5.88213e-02
  1.67000e+00	 -4.97095e-02
  1.68000e+00	 -4.30757e-02
  1.69000e+00	 -4.25666e-02
  1.70000e+00	 -5.05533e-02
  1.71000e+00	 -5.38383e-02
  1.72000e+00	 -4.73250e-02
  1.73000e+00	 -2.31458e-02
  1.74000e+00	  1.95739e-02
  1.75000e+00	  5.45389e-02
  1.76000e+00	  7.24471e-02
  1.77000e+00	  9.23993e-02
  1.78000e+00	  1.15125e-01
  1.79000e+00	  1.26281e-01
  1.80000e+00	  1.29294e-01
  1.81000e+00	  1.14596e-01
  1.82000e+00	  7.73221e-02
  1.83000e+00	  2.89452e-02
  1.84000e+00	 -8.71896e-03
  1.85000e+00	 -7.19456e-03
  1.86000e+00	  7.05709e-03
  1.87000e+00	  2.47505e-02
  1.88000e+00	  5.79778e-02
  1.89000e+00	  8.08794e-02
  1.90000e+00	  9.95885e-02
  1.91000e+00	  1.19562e-01
  1.92000e+00	  1.25407e-01
  1.93000e+00	  1.24873e-01
  1.94000e+00	  1.04721e-01
  1.95000e+00	  6.21452e-02
  1.96000e+00	  1.37564e-02
  1.97000e+00	 -5.01021e-02
  1.98000e+00	 -7.28969e-02
  1.99000e+00	 -5.08257e-02
  2.00000e+00	 -3.90186e-02
  2.01000e+00	  3.42165e-02
  2.02000e+00	  1.01412e-01
  2.03000e+00	  7.05332e-02
  2.04000e+00	  3.86961e-02
  2.05000e+00	  1.12273e-03
  2.06000e+00	 -5.08361e-02
  2.07000e+00	 -6.38259e-02
  2.08000e+00	 -5.29385e-02
  2.09000e+00	 -2.39068e-02
  2.10000e+00	  1.16123e-02
  2.11000e+00	  1.54530e-02
  2.12000e+00	  2.05308e-03
  2.13000e+00	 -7.80887e-03
  2.14000e+00	 -1.86146e-02
  2.15000e+00	 -1.33314e-02
  2.16000e+00	 -1.04332e-02
  2.17000e+00	 -3.73522e-02
  2.18000e+00	 -6.11436e-02
  2.19000e+00	 -6.10072e-02
  2.20000e+00	 -5.60881e-02
  2.21000e+00	 -3.90937e-02
  2.22000e+00	 -5.53872e-03
  2.23000e+00	  9.53205e-03
  2.24000e+00	 -3.05463e-03
  2.25000e+00	 -2.99921e-02
  2.26000e+00	 -5.44911e-02
  2.27000e+00	 -5.39035e-02
  2.28000e+00	 -3.93332e-02
  2.29000e+00	 -1.14096e-02
  2.30000e+00	  3.19068e-02
  2.31000e+00	  4.84708e-02
  2.32000e+00	  3.80730e-02
  2.33000e+00	  1.37065e-02
  2.34000e+00	 -5.15472e-02
  2.35000e+00	 -1.18339e-01
  2.36000e+00	 -1.17261e-01
  2.37000e+00	 -8.43700e-02
  2.38000e+00	 -6.21701e-02
  2.39000e+00	 -2.50807e-02
  2.40000e+00	 -3.65736e-03
  2.41000e+00	 -1.33102e-02
  2.42000e+00	 -1.22090e-02
  2.43000e+00	 -2.18585e-02
  2.44000e+00	 -5.36117e-02
  2.45000e+00	 -6.41541e-02
  2.46000e+00	 -4.98983e-02
  2.47000e+00	 -4.08174e-02
  2.48000e+00	 -4.09992e-02
  2.49000e+00	 -4.94192e-02
  2.50000e+00	 -7.71792e-02
  2.51000e+00	 -9.44809e-02
  2.52000e+00	 -8.24361e-02
  2.53000e+00	 -6.96892e-02
  2.54000e+00	 -5.14810e-02
  2.55000e+00	 -2.77330e-02
  2.56000e+00	 -1.96103e-02
  2.57000e+00	 -2.60738e-02
  2.58000e+00	 -1.98132e-02
  2.59000e+00	  1.37895e-02
  2.60000e+00	  4.04026e-02
  2.61000e+00	  5.68450e-02
  2.62000e+00	  8.82740e-02
  2.63000e+00	  1.12052e-01
  2.64000e+00	  1.10713e-01
  2.65000e+00	  1.06306e-01
  2.66000e+00	  1.05886e-01
  2.67000e+00	  9.71626e-02
  2.68000e+00	  8.34831e-02
  2.69000e+00	  7.54147e-02
  2.70000e+00	  5.45975e-02
  2.71000e+00	  1.07697e-02
  2.72000e+00	 -2.25540e-02
  2.73000e+00	 -7.24803e-02
  2.74000e+00	 -1.69295e-01
  2.75000e+00	 -2.09876e-01
  2.76000e+00	 -1.77014e-01
  2.77000e+00	 -1.46886e-01
  2.78000e+00	 -8.89013e-02
  2.79000e+00	 -2.60528e-02
  2.80000e+00	 -1.25228e-02
  2.81000e+00	 -1.31064e-02
  2.82000e+00	 -1.35890e-02
  2.83000e+00	 -1.65630e-02
  2.84000e+00	 -1.81894e-02
  2.85000e+00	 -1.65639e-02
  2.86000e+00	  1.22547e-02
  2.87000e+00	  5.81753e-02
  2.88000e+00	  9.05396e-02
  2.89000e+00	  1.26752e-01
  2.90000e+00	  1.53473e-01
  2.91000e+00	  1.47514e-01
  2.92000e+00	  1.32218e-01
  2.93000e+00	  7.40438e-02
  2.94000e+00	 -6.16326e-03
  2.95000e+00	 -2.62307e-02
  2.96000e+00	 -1.13831e-02
  2.97000e+00	  3.83638e-02
  2.98000e+00	  1.06336e-01
  2.99000e+00	  1.34902e-01
  3.00000e+00	  1.60081e-01
  3.01000e+00	  1.76947e-01
  3.02000e+00	  1.57645e-01
  3.03000e+00	  1.19582e-01
  3.04000e+00	  7.21542e-02
  3.05000e+00	  3.48164e-02
  3.06000e+00	  1.94102e-02
  3.07000e+00	  2.99977e-02
  3.08000e+00	  5.62569e-02
  3.09000e+00	  7.58067e-02
  3.10000e+00	  9.23177e-02
  3.11000e+00	  9.81486e-02
  3.12000e+00	  7.67934e-02
  3.13000e+00	  5.40151e-02
  3.14000e+00	  4.47305e-02
  3.15000e+00	  3.49039e-02
  3.16000e+00	  2.88360e-02
  3.17000e+00	  2.95456e-02
  3.18000e+00	  3.65115e-02
  3.19000e+00	  3.14620e-02
  3.20000e+00	 -8.25540e-05
  3.21000e+00	 -3.36473e-02
  3.22000e+00	 -7.06683e-02
  3.23000e+00	 -9.00475e-02
  3.24000e+00	 -7.12970e-02
  3.25000e+00	 -6.12721e-02
  3.26000e+00	 -6.56143e-02
  3.27000e+00	 -6.87186e-02
  3.28000e+00	 -9.17659e-02
  3.29000e+00	 -1.49804e-01
  3.30000e+00	 -1.90358e-01
  3.31000e+00	 -1.75061e-01
  3.32000e+00	 -1.66890e-01
  3.33000e+00	 -1.48795e-01
  3.34000e+00	 -7.14498e-02
  3.35000e+00	  2.10482e-02
  3.36000e+00	  1.33297e-01
  3.37000e+00	  2.07933e-01
  3.38000e+00	  1.86980e-01
  3.39000e+00	  1.89822e-01
  3.40000e+00	  2.07003e-01
  3.41000e+00	  1.45780e-01
  3.42000e+00	  7.94786e-02
  3.43000e+00	  4.08051e-02
  3.44000e+00	 -1.43007e-02
  3.45000e+00	 -5.82417e-02
  3.46000e+00	 -8.37371e-02
  3.47000e+00	 -1.16122e-01
  3.48000e+00	 -1.33076e-01
  3.49000e+00	 -1.40434e-01
  3.50000e+00	 -1.56313e-01
  3.51000e+00	 -1.62806e-01
  3.52000e+00	 -1.64206e-01
  3.53000e+00	 -1.60346e-01
  3.54000e+00	 -1.40536e-01
  3.55000e+00	 -1.19758e-01
  3.56000e+00	 -1.05900e-01
  3.57000e+00	 -9.97137e-02
  3.58000e+00	 -9.56089e-02
  3.59000e+00	 -7.89227e-02
  3.60000e+00	 -5.79402e-02
  3.61000e+00	 -4.73275e-02
  3.62000e+00	 -4.07922e-02
  3.63000e+00	 -2.93958e-02
  3.64000e+00	 -1.55337e-02
  3.65000e+00	 -8.06248e-03
  3.66000e+00	 -1.17549e-02
  3.67000e+00	 -3.93050e-03
  3.68000e+00	  3.68068e-02
  3.69000e+00	  7.92361e-02
  3.70000e+00	  1.06493e-01
  3.71000e+00	  1.36720e-01
  3.72000e+00	  1.52818e-01
  3.73000e+00	  1.52012e-01
  3.74000e+00	  1.38783e-01
  3.75000e+00	  9.83323e-02
  3.76000e+00	  5.27277e-02
  3.77000e+00	  8.63819e-03
  3.78000e+00	 -2.29386e-02
  3.79000e+00	 -1.55644e-02
  3.80000e+00	  9.47705e-03
  3.81000e+00	  3.51538e-02
  3.82000e+00	  4.71703e-02
  3.83000e+00	  2.85883e-02
  3.84000e+00	 -1.63272e-02
  3.85000e+00	 -6.96144e-02
  3.86000e+00	 -8.84140e-02
  3.87000e+00	 -7.13496e-02
  3.88000e+00	 -5.35009e-02
  3.89000e+00	 -3.75627e-02
  3.90000e+00	 -3.59951e-02
  3.91000e+00	 -5.01274e-02
  3.92000e+00	 -5.90032e-02
  3.93000e+00	 -5.83131e-02
  3.94000e+00	 -5.43949e-02
  3.95000e+00	 -5.86205e-02
  3.96000e+00	 -6.59502e-02
  3.97000e+00	 -6.26038e-02
  3.98000e+00	 -4.87400e-02
  3.99000e+00	 -3.26515e-02
  4.00000e+00	 -1.86655e-02
  4.01000e+00	 -1.32083e-02
  4.02000e+00	 -1.74017e-02
  4.03000e+00	 -1.33058e-02
  4.04000e+00	  6.41844e-03
  4.05000e+00	  2.37024e-02
  4.06000e+00	  2.51853e-02
  4.07000e+00	  7.03617e-03
  4.08000e+00	 -2.54479e-02
  4.09000e+00	 -6.23730e-02
  4.10000e+00	 -9.12774e-02
  4.11000e+00	 -7.25715e-02
  4.12000e+00	 -9.09661e-03
  4.13000e+00	  3.94785e-02
  4.14000e+00	  7.12000e-02
  4.15000e+00	  1.20520e-01
  4.16000e+00	  1.65602e-01
  4.17000e+00	  1.76922e-01
  4.18000e+00	  1.53864e-01
  4.19000e+00	  9.39659e-02
  4.20000e+00	  7.10430e-03
  4.21000e+00	 -6.70589e-02
  4.22000e+00	 -8.28354e-02
  4.23000e+00	 -7.39030e-02
  4.24000e+00	 -7.92651e-02
  4.25000e+00	 -6.39956e-02
  4.26000e+00	 -3.44519e-02
  4.27000e+00	 -1.26598e-02
  4.28000e+00	  1.08252e-02
  4.29000e+00	  2.13402e-02
  4.30000e+00	  1.71303e-02
  4.31000e+00	  3.73636e-02
  4.32000e+00	  7.99640e-02
  4.33000e+00	  1.06512e-01
  4.34000e+00	  1.27507e-01
  4.35000e+00	  1.61164e-01
  4.36000e+00	  1.89761e-01
  4.37000e+00	  1.90852e-01
  4.38000e+00	  1.47879e-01
  4.39000e+00	  8.74034e-02
  4.40000e+00	  5.02365e-02
  4.41000e+00	  1.79260e-02
  4.42000e+00	 -2.61562e-02
  4.43000e+00	 -5.76056e-02
  4.44000e+00	 -6.94330e-02
  4.45000e+00	 -8.08812e-02
  4.46000e+00	 -8.51032e-02
  4.47000e+00	 -7.40044e-02
  4.48000e+00	 -5.71566e-02
  4.49000e+00	 -2.72084e-02
  4.50000e+00	 -5.51583e-03
  4.51000e+00	 -1.30807e-02
  4.52000e+00	 -1.64162e-02
  4.53000e+00	  8.65731e-03
  4.54000e+00	  4.07112e-02
  4.55000e+00	  6.17414e-02
  4.56000e+00	  1.01664e-01
  4.57000e+00	  1.55755e-01
  4.58000e+00	  1.67585e-01
  4.59000e+00	  1.46845e-01
  4.60000e+00	  1.23389e-01
  4.61000e+00	  8.92737e-02
  4.62000e+00	  2.97117e-02
  4.63000e+00	 -1.23797e-02
  4.64000e+00	  1.23470e-02
  4.65000e+00	  4.91153e-02
  4.66000e+00	  7.48353e-02
  4.67000e+00	  8.83766e-02
  4.68000e+00	  8.35499e-02
  4.69000e+00	  7.25948e-02
  4.70000e+00	  1.51573e-02
  4.71000e+00	 -4.22044e-02
  4.72000e+00	 -4.60632e-02
  4.73000e+00	 -4.66962e-02
  4.74000e+00	 -5.02163e-02
  4.75000e+00	 -6.24452e-02
  4.76000e+00	 -8.99011e-02
  4.77000e+00	 -1.03689e-01
  4.78000e+00	 -1.14506e-01
  4.79000e+00	 -1.38081e-01
  4.80000e+00	 -1.57362e-01
  4.81000e+00	 -1.30105e-01
  4.82000e+00	 -6.23621e-02
  4.83000e+00	 -1.43644e-02
  4.84000e+00	  3.77998e-03
  4.85000e+00	  2.57239e-03
  4.86000e+00	 -1.75418e-02
  4.87000e+00	 -5.09849e-02
  4.88000e+00	 -8.79925e-02
  4.89000e+00	 -1.09556e-01
  4.90000e+00	 -1.15232e-01
  4.91000e+00	 -1.12630e-01
  4.92000e+00	 -8.14183e-02
  4.93000e+00	 -2.47762e-02
  4.94000e+00	  3.02512e-02
  4.95000e+00	  8.11012e-02
  4.96000e+00	  1.02280e-01
  4.97000e+00	  8.69738e-02
  4.98000e+00	  6.79824e-02
  4.99000e+00	  3.62255e-02
  5.00000e+00	 -7.47785e-03
  5.01000e+00	 -5.17058e-02
  5.02000e+00	 -1.23112e-01
  5.03000e+00	 -1.75172e-01
  5.04000e+00	 -1.66027e-01
  5.05000e+00	 -1.60651e-01
  5.06000e+00	 -1.27769e-01
  5.07000e+00	 -3.43170e-02
  5.08000e+00	  4.55969e-03
  5.09000e+00	 -1.57140e-02
  5.10000e+00	 -1.24430e-02
  5.11000e+00	 -2.53419e-02
  5.12000e+00	 -6.44720e-02
  5.13000e+00	 -6.14106e-02
  5.14000e+00	 -4.94799e-02
  5.15000e+00	 -6.20125e-02
  5.16000e+00	 -3.95791e-02
  5.17000e+00	 -1.89663e-03
  5.18000e+00	 -6.78188e-03
  5.19000e+00	 -1.63635e-02
  5.20000e+00	 -1.57277e-02
  5.21000e+00	 -3.24538e-02
  5.22000e+00	 -4.90905e-02
  5.23000e+00	 -5.29326e-02
  5.24000e+00	 -5.58038e-02
  5.25000e+00	 -6.39614e-02
  5.26000e+00	 -7.07286e-02
  5.27000e+00	 -6.60318e-02
  5.28000e+00	 -4.13966e-02
  5.29000e+00	  2.62083e-03
  5.30000e+00	  4.72075e-02
  5.31000e+00	  6.40631e-02
  5.32000e+00	  5.23739e-02
  5.33000e+00	  5.15726e-02
  5.34000e+00	  6.61717e-02
  5.35000e+00	  6.87964e-02
  5.36000e+00	  6.32911e-02
  5.37000e+00	  6.34611e-02
  5.38000e+00	  7.11032e-02
  5.39000e+00	  6.70053e-02
  5.40000e+00	  3.96249e-02
  5.41000e+00	  6.00602e-03
  5.42000e+00	 -2.61425e-02
  5.43000e+00	 -3.54235e-02
  5.44000e+00	 -8.02181e-03
  5.45000e+00	  3.16005e-02
  5.46000e+00	  5.94201e-02
  5.47000e+00	  7.65884e-02
  5.48000e+00	  9.30271e-02
  5.49000e+00	  9.23087e-02
  5.50000e+00	  7.79743e-02
  5.51000e+00	  6.53131e-02
  5.52000e+00	  5.18362e-02
  5.53000e+00	  4.41876e-02
  5.54000e+00	  4.16068e-02
  5.55000e+00	  6.22258e-02
  5.56000e+00	  1.02446e-01
  5.57000e+00	  1.05207e-01
  5.58000e+00	  8.64925e-02
  5.59000e+00	  8.08860e-02
  5.60000e+00	  6.00795e-02
  5.61000e+00	  4.10331e-02
  5.62000e+00	  4.69942e-02
  5.63000e+00	  4.44870e-02
  5.64000e+00	  2.75774e-02
  5.65000e+00	  1.62021e-02
  5.66000e+00	  8.38522e-03
  5.67000e+00	 -1.95116e-03
  5.68000e+00	 -1.32514e-02
  5.69000e+00	 -2.31721e-02
  5.70000e+00	 -3.85801e-02
  5.71000e+00	 -5.92957e-02
  5.72000e+00	 -6.94177e-02
  5.73000e+00	 -7.63732e-02
  5.74000e+00	 -7.84286e-02
  5.75000e+00	 -3.83821e-02
  5.76000e+00	  2.20396e-02
  5.77000e+00	  6.54218e-02
  5.78000e+00	  1.04425e-01
  5.79000e+00	  1.15278e-01
  5.80000e+00	  1.00471e-01
  5.81000e+00	  9.14305e-02
  5.82000e+00	  6.63856e-02
  5.83000e+00	  3.40392e-02
  5.84000e+00	  4.26719e-03
  5.85000e+00	 -3.93935e-02
  5.86000e+00	 -8.41981e-02
  5.87000e+00	 -1.19760e-01
  5.88000e+00	 -1.32367e-01
  5.89000e+00	 -1.30612e-01
  5.90000e+00	 -1.37614e-01
  5.91000e+00	 -1.36021e-01
  5.92000e+00	 -1.27891e-01
  5.93000e+00	 -1.11445e-01
  5.94000e+00	 -7.47446e-02
  5.95000e+00	 -4.53261e-02
  5.96000e+00	 -2.07288e-02
  5.97000e+00	  1.76883e-02
  5.98000e+00	  3.88519e-02
  5.99000e+00	  3.39955e-02
  6.00000e+00	  3.64525e-02
  6.01000e+00	  4.02508e-02
  6.02000e+00	  2.46860e-02
  6.03000e+00	 -3.69323e-03
  6.04000e+00	 -1.84377e-02
  6.05000e+00	 -1.64382e-02
  6.06000e+00	 -1.61197e-02
  6.07000e+00	  6.69971e-03
  6.08000e+00	  5.30412e-02
  6.09000e+00	  7.24002e-02
  6.10000e+00	  6.84647e-02
  6.11000e+00	  7.31150e-02
  6.12000e+00	  6.70823e-02
  6.13000e+00	  4.05922e-02
  6.14000e+00	  1.81089e-02
  6.15000e+00	 -8.01040e-03
  6.16000e+00	 -5.04499e-02
  6.17000e+00	 -6.99974e-02
  6.18000e+00	 -5.50779e-02
  6.19000e+00	 -4.12742e-02
  6.20000e+00	 -3.30271e-02
  6.21000e+00	 -2.71456e-02
  6.22000e+00	 -2.96882e-02
  6.23000e+00	 -3.27149e-02
  6.24000e+00	 -3.11403e-02
  6.25000e+00	 -2.75669e-02
  6.26000e+00	 -1.99574e-02
  6.27000e+00	 -9.01853e-03
  6.28000e+00	 -5.04492e-03
  6.29000e+00	 -7.73133e-03
  6.30000e+00	 -1.73857e-02
  6.31000e+00	 -5.32527e-02
  6.32000e+00	 -8.42291e-02
  6.33000e+00	 -7.72582e-02
  6.34000e+00	 -7.28692e-02
  6.35000e+00	 -7.49997e-02
  6.36000e+00	 -6.08370e-02
  6.37000e+00	 -4.50673e-02
  6.38000e+00	 -3.36665e-02
  6.39000e+00	 -1.62423e-02
  6.40000e+00	  9.41605e-03
  6.41000e+00	  3.47037e-02
  6.42000e+00	  5.01804e-02
  6.43000e+00	  5.56879e-02
  6.44000e+00	  5.85368e-02
  6.45000e+00	  5.61590e-02
  6.46000e+00	  4.33706e-02
  6.47000e+00	  2.52177e-02
  6.48000e+00	  1.04322e-02
  6.49000e+00	  3.74162e-03
  6.50000e+00	  4.37907e-03
  6.51000e+00	  1.11066e-02
  6.52000e+00	  2.03000e-02
  6.53000e+00	  2.48041e-02
  6.54000e+00	  2.24733e-02
  6.55000e+00	  1.21799e-02
  6.56000e+00	 -1.04076e-02
  6.57000e+00	 -2.71900e-02
  6.58000e+00	 -1.90429e-02
  6.59000e+00	 -3.63283e-03
  6.60000e+00	  3.45250e-03
  6.61000e+00	  9.53309e-04
  6.62000e+00	 -1.50073e-02
  6.63000e+00	 -4.58022e-02
  6.64000e+00	 -7.77376e-02
  6.65000e+00	 -8.58057e-02
  6.66000e+00	 -8.22626e-02
  6.67000e+00	 -8.70693e-02
  6.68000e+00	 -8.27623e-02
  6.69000e+00	 -7.38134e-02
  6.70000e+00	 -7.72863e-02
  6.71000e+00	 -7.98620e-02
  6.72000e+00	 -6.49568e-02
  6.73000e+00	 -4.03203e-02
  6.74000e+00	 -1.95612e-02
  6.75000e+00	  1.18287e-03
  6.76000e+00	  1.26866e-02
  6.77000e+00	  6.70408e-03
  6.78000e+00	 -6.55958e-04
  6.79000e+00	 -4.94795e-03
  6.80000e+00	 -6.33487e-04
  6.81000e+00	  2.64789e-02
  6.82000e+00	  5.62413e-02
  6.83000e+00	  6.31723e-02
  6.84000e+00	  5.65953e-02
  6.85000e+00	  3.48780e-02
  6.86000e+00	 -1.59711e-02
  6.87000e+00	 -5.21088e-02
  6.88000e+00	 -4.06837e-02
  6.89000e+00	 -2.34818e-02
  6.90000e+00	 -1.99251e-02
  6.91000e+00	 -1.59922e-02
  6.92000e+00	 -1.81159e-02
  6.93000e+00	 -3.13770e-02
  6.94000e+00	 -3.81363e-02
  6.95000e+00	 -3.63138e-02
  6.96000e+00	 -2.87625e-02
  6.97000e+00	 -1.72946e-03
  6.98000e+00	  3.10678e-02
  6.99000e+00	  5.27922e-02
  7.00000e+00	  7.68045e-02
  7.01000e+00	  1.00824e-01
  7.02000e+00	  1.07598e-01
  7.03000e+00	  1.11802e-01
  7.04000e+00	  1.33927e-01
  7.05000e+00	  1.59561e-01
  7.06000e+00	  1.73822e-01
  7.07000e+00	  1.78963e-01
  7.08000e+00	  1.75394e-01
  7.09000e+00	  1.63494e-01
  7.10000e+00	  1.45717e-01
  7.11000e+00	  1.27971e-01
  7.12000e+00	  1.09323e-01
  7.13000e+00	  8.84095e-02
  7.14000e+00	  7.90575e-02
  7.15000e+00	  7.71500e-02
  7.16000e+00	  6.81526e-02
  7.17000e+00	  6.16951e-02
  7.18000e+00	  6.53217e-02
  7.19000e+00	  7.77044e-02
  7.20000e+00	  9.69515e-02
  7.21000e+00	  1.11415e-01
  7.22000e+00	  1.19696e-01
  7.23000e+00	  1.21164e-01
  7.24000e+00	  9.35864e-02
  7.25000e+00	  5.01631e-02
  7.26000e+00	  2.71449e-02
  7.27000e+00	  6.88431e-03
  7.28000e+00	 -1.97490e-02
  7.29000e+00	 -2.63023e-02
  7.30000e+00	 -2.72363e-02
  7.31000e+00	 -3.73657e-02
  7.32000e+00	 -3.73495e-02
  7.33000e+00	 -2.96410e-02
  7.34000e+00	 -2.68987e-02
  7.35000e+00	 -2.48923e-02
  7.36000e+00	 -1.75155e-02
  7.37000e+00	 -5.71455e-03
  7.38000e+00	  4.24697e-03
  7.39000e+00	  1.19921e-02
  7.40000e+00	  2.62116e-02
  7.41000e+00	  4.54750e-02
  7.42000e+00	  5.34056e-02
  7.43000e+00	  5.46522e-02
  7.44000e+00	  6.67937e-02
  7.45000e+00	  8.09676e-02
  7.46000e+00	  8.41453e-02
  7.47000e+00	  7.05973e-02
  7.48000e+00	  3.95574e-02
  7.49000e+00	  5.20539e-03
  7.50000e+00	 -3.18320e-02
  7.51000e+00	 -5.97107e-02
  7.52000e+00	 -5.91093e-02
  7.53000e+00	 -5.15000e-02
  7.54000e+00	 -4.46496e-02
  7.55000e+00	 -3.22510e-02
  7.56000e+00	 -2.33134e-02
  7.57000e+00	 -2.21238e-02
  7.58000e+00	 -2.85623e-02
  7.59000e+00	 -4.17487e-02
  7.60000e+00	 -5.33772e-02
  7.61000e+00	 -5.47201e-02
  7.62000e+00	 -5.29042e-02
  7.63000e+00	 -4.55247e-02
  7.64000e+00	 -2.75649e-02
  7.65000e+00	 -6.04044e-03
  7.66000e+00	  9.29825e-03
  7.67000e+00	  6.88001e-03
  7.68000e+00	 -3.77852e-03
  7.69000e+00	 -8.57921e-03
  7.70000e+00	 -1.09668e-02
  7.71000e+00	 -1.04093e-02
  7.72000e+00	  1.03166e-03
  7.73000e+00	  1.55319e-02
  7.74000e+00	  2.14711e-02
  7.75000e+00	  1.84022e-02
  7.76000e+00	 -1.72235e-03
  7.77000e+00	 -3.11044e-02
  7.78000e+00	 -4.53189e-02
  7.79000e+00	 -4.92763e-02
  7.80000e+00	 -5.88395e-02
  7.81000e+00	 -6.62857e-02
  7.82000e+00	 -6.14397e-02
  7.83000e+00	 -5.54649e-02
  7.84000e+00	 -5.16170e-02
  7.85000e+00	 -3.93868e-02
  7.86000e+00	 -2.41504e-02
  7.87000e+00	 -9.86093e-03
  7.88000e+00	 -9.46999e-05
  7.89000e+00	  4.08234e-04
  7.90000e+00	 -8.42521e-04
  7.91000e+00	 -3.00012e-03
  7.92000e+00	 -6.02368e-03
  7.93000e+00	 -8.70056e-03
  7.94000e+00	 -9.57535e-03
  7.95000e+00	  1.33009e-03
  7.96000e+00	  2.34424e-02
  7.97000e+00	  4.09473e-02
  7.98000e+00	  4.52466e-02
  7.99000e+00	  4.47380e-02
  8.00000e+00	  3.50862e-02
  8.01000e+00	  9.92824e-03
  8.02000e+00	 -2.88401e-03
  8.03000e+00	  4.55961e-03
  8.04000e+00	  1.24126e-02
  8.05000e+00	  2.78157e-02
  8.06000e+00	  5.16414e-02
  8.07000e+00	  6.22046e-02
  8.08000e+00	  6.25591e-02
  8.09000e+00	  6.25411e-02
  8.10000e+00	  4.93234e-02
  8.11000e+00	  2.54061e-02
  8.12000e+00	  8.61366e-04
  8.13000e+00	 -1.96928e-02
  8.14000e+00	 -2.42728e-02
  8.15000e+00	 -2.20673e-02
  8.16000e+00	 -2.26993e-02
  8.17000e+00	 -1.69432e-02
  8.18000e+00	 -7.27856e-03
  8.19000e+00	 -4.07987e-04
  8.20000e+00	  6.55167e-03
  8.21000e+00	  1.06211e-02
  8.22000e+00	  8.83061e-03
  8.23000e+00	  9.50172e-03
  8.24000e+00	  1.11830e-02
  8.25000e+00	  8.23203e-03
  8.26000e+00	  5.81802e-03
  8.27000e+00	  5.09713e-03
  8.28000e+00	  3.08880e-03
  8.29000e+00	  4.93300e-05
  8.30000e+00	  4.52405e-03
  8.31000e+00	  1.87097e-02
  8.32000e+00	  3.29862e-02
  8.33000e+00	  4.84494e-02
  8.34000e+00	  6.16788e-02
  8.35000e+00	  5.98051e-02
  8.36000e+00	  4.41002e-02
  8.37000e+00	  2.94987e-02
  8.38000e+00	  2.58587e-02
  8.39000e+00	  2.87156e-02
  8.40000e+00	  3.41306e-02
  8.41000e+00	  4.01647e-02
  8.42000e+00	  4.08148e-02
  8.43000e+00	  3.73748e-02
  8.44000e+00	  3.12364e-02
  8.45000e+00	  2.36529e-02
  8.46000e+00	  2.11246e-02
  8.47000e+00	  2.42792e-02
  8.48000e+00	  2.86521e-02
  8.49000e+00	  3.10438e-02
  8.50000e+00	  2.90926e-02
  8.51000e+00	  1.54008e-02
  8.52000e+00	 -1.33163e-02
  8.53000e+00	 -4.17741e-02
  8.54000e+00	 -5.31372e-02
  8.55000e+00	 -5.41683e-02
  8.56000e+00	 -5.34351e-02
  8.57000e+00	 -4.28365e-02
  8.58000e+00	 -1.97349e-02
  8.59000e+00	 -7.36510e-04
  8.60000e+00	  1.82456e-03
  8.61000e+00	  1.47938e-03
  8.62000e+00	 -1.14367e-03
  8.63000e+00	 -2.14044e-02
  8.64000e+00	 -4.42913e-02
  8.65000e+00	 -4.93031e-02
  8.66000e+00	 -4.77345e-02
  8.67000e+00	 -5.05012e-02
  8.68000e+00	 -5.08169e-02
  8.69000e+00	 -5.29433e-02
  8.70000e+00	 -6.19434e-02
  8.71000e+00	 -6.88631e-02
  8.72000e+00	 -7.14638e-02
  8.73000e+00	 -7.39757e-02
  8.74000e+00	 -7.64034e-02
  8.75000e+00	 -7.35261e-02
  8.76000e+00	 -6.58394e-02
  8.77000e+00	 -5.55047e-02
  8.78000e+00	 -3.87210e-02
  8.79000e+00	 -2.08110e-02
  8.80000e+00	 -7.70965e-03
  8.81000e+00	 -3.08047e-03
  8.82000e+00	 -6.66735e-03
  8.83000e+00	 -7.98426e-03
  8.84000e+00	 -6.23061e-03
  8.85000e+00	 -8.11933e-03
  8.86000e+00	 -1.05518e-02
  8.87000e+00	 -7.73049e-03
  8.88000e+00	 -3.24220e-03
  8.89000e+00	 -1.47392e-03
  8.90000e+00	  1.25495e-04
  8.91000e+00	 -1.89456e-03
  8.92000e+00	 -1.06170e-02
  8.93000e+00	 -1.92076e-02
  8.94000e+00	 -2.65411e-02
  8.95000e+00	 -3.52945e-02
  8.96000e+00	 -4.49821e-02
  8.97000e+00	 -5.41852e-02
  8.98000e+00	 -5.93386e-02
  8.99000e+00	 -6.29116e-02
  9.00000e+00	 -6.56395e-02
  9.01000e+00	 -6.22164e-02
  9.02000e+00	 -5.89557e-02
  9.03000e+00	 -5.79724e-02
  9.04000e+00	 -5.21308e-02
  9.05000e+00	 -4.24289e-02
  9.06000e+00	 -3.17563e-02
  9.07000e+00	 -2.35095e-02
  9.08000e+00	 -1.90921e-02
  9.09000e+00	 -1.67503e-02
  9.10000e+00	 -1.93036e-02
  9.11000e+00	 -2.53522e-02
  9.12000e+00	 -2.96019e-02
  9.13000e+00	 -3.35083e-02
  9.14000e+00	 -4.45217e-02
  9.15000e+00	 -6.17863e-02
  9.16000e+00	 -6.92676e-02
  9.17000e+00	 -6.83990e-02
  9.18000e+00	 -7.25853e-02
  9.19000e+00	 -7.35823e-02
  9.20000e+00	 -6.78538e-02
  9.21000e+00	 -6.46009e-02
  9.22000e+00	 -6.16081e-02
  9.23000e+00	 -5.73378e-02
  9.24000e+00	 -5.47634e-02
  9.25000e+00	 -5.24131e-02
  9.26000e+00	 -5.26159e-02
  9.27000e+00	 -5.55907e-02
  9.28000e+00	 -5.67527e-02
  9.29000e+00	 -5.73050e-02
  9.30000e+00	 -5.57930e-02
  9.31000e+00	 -5.06944e-02
  9.32000e+00	 -4.56578e-02
  9.33000e+00	 -3.76994e-02
  9.34000e+00	 -2.69993e-02
  9.35000e+00	 -2.17504e-02
  9.36000e+00	 -2.12965e-02
  9.37000e+00	 -2.34660e-02
  9.38000e+00	 -2.85594e-02
  9.39000e+00	 -3.11920e-02
  9.40000e+00	 -3.03185e-02
  9.41000e+00	 -2.54596e-02
  9.42000e+00	 -1.90231e-02
  9.43000e+00	 -1.45121e-02
  9.44000e+00	 -1.33789e-02
  9.45000e+00	 -1.99681e-02
  9.46000e+00	 -3.13444e-02
  9.47000e+00	 -3.82114e-02
  9.48000e+00	 -3.78086e-02
  9.49000e+00	 -3.58179e-02
  9.50000e+00	 -3.01945e-02
  9.51000e+00	 -2.10313e-02
  9.52000e+00	 -1.38068e-02
  9.53000e+00	 -5.76859e-03
  9.54000e+00	  4.08724e-03
  9.55000e+00	  1.38322e-02
  9.56000e+00	  2.06608e-02
  9.57000e+00	  2.45533e-02
  9.58000e+00	  2.75039e-02
  9.59000e+00	  2.44110e-02
  9.60000e+00	  1.86644e-02
  9.61000e+00	  1.77249e-02
  9.62000e+00	  1.49145e-02
  9.63000e+00	  6.09793e-03
  9.64000e+00	 -3.84291e-04
  9.65000e+00	 -9.45471e-04
  9.66000e+00	  1.09193e-03
  9.67000e+00	  7.11294e-03
  9.68000e+00	  1.56930e-02
  9.69000e+00	  2.21418e-02
  9.70000e+00	  2.33390e-02
  9.71000e+00	  1.77647e-02
  9.72000e+00	  9.16444e-03
  9.73000e+00	  4.70452e-03
  9.74000e+00	  6.03162e-03
  9.75000e+00	  8.69736e-03
  9.76000e+00	  1.07115e-02
  9.77000e+00	  1.44287e-02
  9.78000e+00	  1.83154e-02
  9.79000e+00	  1.63279e-02
  9.80000e+00	  1.25844e-02
  9.81000e+00	  1.35551e-02
  9.82000e+00	  1.73172e-02
  9.83000e+00	  2.06132e-02
  9.84000e+00	  2.21672e-02
  9.85000e+00	  2.47626e-02
  9.86000e+00	  2.64808e-02
  9.87000e+00	  2.32063e-02
  9.88000e+00	  1.98591e-02
  9.89000e+00	  2.20236e-02
  9.90000e+00	  2.76750e-02
  9.91000e+00	  3.24184e-02
  9.92000e+00	  3.46119e-02
  9.93000e+00	  3.23015e-02
  9.94000e+00	  2.96212e-02
  9.95000e+00	  3.02930e-02
  9.96000e+00	  3.05683e-02
  9.97000e+00	  3.12457e-02
  9.98000e+00	  3.25266e-02
  9.99000e+00	  3.23322e-02
  1.00000e+01	  2.96889e-02
  1.00100e+01	  2.59954e-02
  1.00200e+01	  2.09735e-02
  1.00300e+01	  1.05883e-02
  1.00400e+01	  7.55040e-04
  1.00500e+01	 -6.22884e-04
  1.00600e+01	  1.23656e-03
  1.00700e+01	 -8.17464e-04
  1.00800e+01	 -3.85533e-03
  1.00900e+01	 -6.90590e-03
  1.01000e+01	 -1.12260e-02
  1.01100e+01	 -1.42677e-02
  1.01200e+01	 -1.75510e-02
  1.01300e+01	 -2.42590e-02
  1.01400e+01	 -3.25717e-02
  1.01500e+01	 -3.68974e-02
  1.01600e+01	 -3.85996e-02
  1.01700e+01	 -3.83872e-02
  1.01800e+01	 -3.38765e-02
  1.01900e+01	 -3.14179e-02
  1.02000e+01	 -3.09319e-02
  1.02100e+01	 -2.75707e-02
  1.02200e+01	 -2.30461e-02
  1.02300e+01	 -1.83654e-02
  1.02400e+01	 -1.41159e-02
  1.02500e+01	 -7.71521e-03
  1.02600e+01	  1.88872e-03
  1.02700e+01	  9.30011e-03
  1.02800e+01	  1.58139e-02
  1.02900e+01	  2.19870e-02
  1.03000e+01	  2.42250e-02
  1.03100e+01	  2.71249e-02
  1.03200e+01	  3.21200e-02
  1.03300e+01	  3.68520e-02
  1.03400e+01	  4.20629e-02
  1.03500e+01	  4.53570e-02
  1.03600e+01	  4.71142e-02
  1.03700e+01	  4.83432e-02
  1.03800e+01	  4.56773e-02
  1.03900e+01	  4.29092e-02
  1.04000e+01	  4.35954e-02
  1.04100e+01	  4.30327e-02
  1.04200e+01	  4.05341e-02
  1.04300e+01	  3.90206e-02
  1.04400e+01	  3.79320e-02
  1.04500e+01	  3.35481e-02
  1.04600e+01	  2.59903e-02
  1.04700e+01	  2.03817e-02
  1.04800e+01	  1.62071e-02
  1.04900e+01	  6.67222e-03
  1.05000e+01	 -9.26702e-03
  1.05100e+01	 -2.05177e-02
  1.05200e+01	 -2.32765e-02
  1.05300e+01	 -2.63428e-02
  1.05400e+01	 -2.70880e-02
  1.05500e+01	 -2.31940e-02
  1.05600e+01	 -2.28790e-02
  1.05700e+01	 -2.37496e-02
  1.05800e+01	 -2.17202e-02
  1.05900e+01	 -2.04724e-02
  1.06000e+01	 -2.03105e-02
  1.06100e+01	 -2.07834e-02
  1.06200e+01	 -2.04213e-02
  1.06300e+01	 -1.43911e-02
  1.06400e+01	 -2.05149e-03
  1.06500e+01	  7.25758e-03
  1.06600e+01	  7.77400e-03
  1.06700e+01	  3.06017e-03
  1.06800e+01	 -9.63938e-03
  1.06900e+01	 -2.13450e-02
  1.07000e+01	 -1.86205e-02
  1.07100e+01	 -1.13789e-02
  1.07200e+01	 -3.83956e-03
  1.07300e+01	  7.42442e-03
  1.07400e+01	  1.31793e-02
  1.07500e+01	  1.00960e-02
  1.07600e+01	  6.30369e-03
  1.07700e+01	  4.45747e-03
  1.07800e+01	  5.55965e-03
  1.07900e+01	  1.21841e-02
  1.08000e+01	  2.43504e-02
  1.08100e+01	  3.69285e-02
  1.08200e+01	  4.24462e-02
  1.08300e+01	  4.54181e-02
  1.08400e+01	  5.02469e-02
  1.08500e+01	  4.99306e-02
  1.08600e+01	  4.33321e-02
  1.08700e+01	  3.80338e-02
  1.08800e+01	  3.49185e-02
  1.08900e+01	  3.43212e-02
  1.09000e+01	  3.80398e-02
  1.09100e+01	  4.07319e-02
  1.09200e+01	  4.22486e-02
  1.09300e+01	  4.15378e-02
  1.09400e+01	  3.09060e-02
  1.09500e+01	  1.28482e-02
  1.09600e+01	 -3.31731e-03
  1.09700e+01	 -1.01678e-02
  1.09800e+01	 -1.15807e-02
  1.09900e+01	 -1.26440e-02
  1.10000e+01	 -6.35203e-03
  1.10100e+01	  3.00006e-03
  1.10200e+01	  6.72698e-03
  1.10300e+01	  7.32124e-03
  1.10400e+01	  6.81842e-03
  1.10500e+01	  7.79684e-03
  1.10600e+01	  1.30815e-02
  1.10700e+01	  1.76619e-02
  1.10800e+01	  2.00957e-02
  1.10900e+01	  2.15983e-02
  1.11000e+01	  1.12727e-02
  1.11100e+01	 -3.30804e-03
  1.11200e+01	 -2.90012e-03
  1.11300e+01	  2.80545e-03
  1.11400e+01	  1.01772e-02
  1.11500e+01	  2.84946e-02
  1.11600e+01	  4.23540e-02
  1.11700e+01	  4.22033e-02
  1.11800e+01	  4.11494e-02
  1.11900e+01	  4.11030e-02
  1.12000e+01	  3.61631e-02
  1.12100e+01	  2.96282e-02
  1.12200e+01	  2.79254e-02
  1.12300e+01	  2.69856e-02
  1.12400e+01	  2.41078e-02
  1.12500e+01	  2.61343e-02
  1.12600e+01	  2.99337e-02
  1.12700e+01	  3.12087e-02
  1.12800e+01	  3.29545e-02
  1.12900e+01	  3.28876e-02
  1.13000e+01	  3.01762e-02
  1.13100e+01	  2.79056e-02
  1.13200e+01	  2.56389e-02
  1.13300e+01	  2.53665e-02
  1.13400e+01	  2.80150e-02
  1.13500e+01	  2.81862e-02
  1.13600e+01	  2.41768e-02
  1.13700e+01	  2.03952e-02
  1.13800e+01	  1.80632e-02
  1.13900e+01	  1.73395e-02
  1.14000e+01	  1.89939e-02
  1.14100e+01	  1.95261e-02
  1.14200e+01	  1.82921e-02
  1.14300e+01	  1.68920e-02
  1.14400e+01	  1.62073e-02
  1.14500e+01	  1.70067e-02
  1.14600e+01	  1.75552e-02
  1.14700e+01	  1.68392e-02
  1.14800e+01	  1.45576e-02
  1.14900e+01	  1.14927e-02
  1.15000e+01	  9.18927e-03
  1.15100e+01	  7.93199e-03
  1.15200e+01	  7.31394e-03
  1.15300e+01	  6.23165e-03
  1.15400e+01	  4.63538e-03
  1.15500e+01	  2.41278e-03
  1.15600e+01	 -1.76187e-03
  1.15700e+01	 -6.04987e-03
  1.15800e+01	 -7.82962e-03
  1.15900e+01	 -9.77968e-03
  1.16000e+01	 -9.92890e-03
  1.16100e+01	 -5.34536e-03
  1.16200e+01	 -4.88145e-04
  1.16300e+01	  5.97196e-03
  1.16400e+01	  1.47667e-02
  1.16500e+01	  1.94028e-02
  1.16600e+01	  2.09197e-02
  1.16700e+01	  2.20752e-02
  1.16800e+01	  2.00918e-02
  1.16900e+01	  1.82012e-02
  1.17000e+01	  1.74881e-02
  1.17100e+01	  1.55811e-02
  1.17200e+01	  1.93330e-02
  1.17300e+01	  2.76220e-02
  1.17400e+01	  3.03421e-02
  1.17500e+01	  3.24475e-02
  1.17600e+01	  3.54345e-02
  1.17700e+01	  3.17901e-02
  1.17800e+01	  2.52049e-02
  1.17900e+01	  1.73294e-02
  1.18000e+01	  9.51770e-03
  1.18100e+01	  5.84960e-03
  1.18200e+01	  2.02365e-03
  1.18300e+01	 -1.90119e-03
  1.18400e+01	 -2.41103e-03
  1.18500e+01	 -3.39942e-03
  1.18600e+01	 -8.05030e-03
  1.18700e+01	 -1.40055e-02
  1.18800e+01	 -1.63824e-02
  1.18900e+01	 -1.62635e-02
  1.19000e+01	 -1.86147e-02
  1.19100e+01	 -2.12214e-02
  1.19200e+01	 -2.17128e-02
  1.19300e+01	 -2.27583e-02
  1.19400e+01	 -2.33437e-02
  1.19500e+01	 -2.06588e-02
  1.19600e+01	 -1.78045e-02
  1.19700e+01	 -1.66294e-02
  1.19800e+01	 -1.42736e-02
  1.19900e+01	 -1.08945e-02
  1.20000e+01	 -9.01982e-03
  1.20100e+01	 -9.12140e-03
  1.20200e+01	 -8.40908e-03
  1.20300e+01	 -3.73743e-03
  1.20400e+01	  5.19114e-04
  1.20500e+01	  4.72746e-04
  1.20600e+01	  1.77640e-03
  1.20700e+01	  4.91630e-03
  1.20800e+01	  5.55623e-03
  1.20900e+01	  5.64923e-03
  1.21000e+01	  6.45541e-03
  1.21100e+01	  5.25015e-03
  1.21200e+01	  2.79967e-03
  1.21300e+01	  1.77081e-03
  1.21400e+01	  8.86290e-04
  1.21500e+01	 -8.32156e-04
  1.21600e+01	 -2.16070e-04
  1.21700e+01	  3.65456e-03
  1.21800e+01	  6.86493e-03
  1.21900e+01	  9.50139e-03
  1.22000e+01	  1.27992e-02
  1.22100e+01	  1.44125e-02
  1.22200e+01	  1.56861e-02
  1.22300e+01	  1.57186e-02
  1.22400e+01	  1.19780e-02
  1.22500e+01	  9.70007e-03
  1.22600e+01	  9.30685e-03
  1.22700e+01	  7.10022e-03
  1.22800e+01	  7.20406e-03
  1.22900e+01	  1.02458e-02
  1.23000e+01	  1.19373e-02
  1.23100e+01	  1.39424e-02
  1.23200e+01	  1.56289e-02
  1.23300e+01	  1.47649e-02
  1.23400e+01	  1.52655e-02
  1.23500e+01	  1.62421e-02
  1.23600e+01	  1.35027e-02
  1.23700e+01	  1.01481e-02
  1.23800e+01	  8.61586e-03
  1.23900e+01	  6.37497e-03
  1.24000e+01	  3.54048e-03
  1.24100e+01	  1.23786e-03
  1.24200e+01	 -1.29319e-03
  1.24300e+01	 -3.81214e-03
  1.24400e+01	 -6.52502e-03
  1.24500e+01	 -1.25516e-02
  1.24600e+01	 -2.21191e-02
  1.24700e+01	 -2.90980e-02
  1.24800e+01	 -3.30489e-02
  1.24900e+01	 -3.60195e-02
  1.25000e+01	 -3.55883e-02
  1.25100e+01	 -3.54710e-02
  1.25200e+01	 -3.74525e-02
  1.25300e+01	 -3.84886e-02
  1.25400e+01	 -3.96167e-02
  1.25500e+01	 -4.02794e-02
  1.25600e+01	 -3.75260e-02
  1.25700e+01	 -3.36773e-02
  1.25800e+01	 -2.99050e-02
  1.25900e+01	 -2.35003e-02
  1.26000e+01	 -2.01028e-02
  1.26100e+01	 -1.99262e-02
  1.26200e+01	 -1.75060e-02
  1.26300e+01	 -1.83310e-02
  1.26400e+01	 -2.16626e-02
  1.26500e+01	 -2.20252e-02
  1.26600e+01	 -2.04127e-02
  1.26700e+01	 -1.72206e-02
  1.26800e+01	 -1.38709e-02
  1.26900e+01	 -1.24353e-02
  1.27000e+01	 -1.32082e-02
  1.27100e+01	 -1.42510e-02
  1.27200e+01	 -1.16027e-02
  1.27300e+01	 -3.88500e-03
  1.27400e+01	  2.73055e-03
  1.27500e+01	  6.50493e-03
  1.27600e+01	  1.00458e-02
  1.27700e+01	  5.09488e-03
  1.27800e+01	 -4.23561e-03
  1.27900e+01	 -6.79568e-03
  1.28000e+01	 -1.26779e-02
  1.28100e+01	 -2.14174e-02
  1.28200e+01	 -2.21623e-02
  1.28300e+01	 -2.29285e-02
  1.28400e+01	 -2.70848e-02
  1.28500e+01	 -2.87568e-02
  1.28600e+01	 -3.03231e-02
  1.28700e+01	 -3.06779e-02
  1.28800e+01	 -2.71899e-02
  1.28900e+01	 -2.57212e-02
  1.29000e+01	 -2.29504e-02
  1.29100e+01	 -1.30485e-02
  1.29200e+01	 -4.83235e-03
  1.29300e+01	 -3.30669e-03
  1.29400e+01	 -4.25052e-03
  1.29500e+01	 -6.00549e-03
  1.29600e+01	 -8.18061e-03
  1.29700e+01	 -1.15549e-02
  1.29800e+01	 -1.60724e-02
  1.29900e+01	 -1.69429e-02
  1.30000e+01	 -1.64572e-02
  1.30100e+01	 -1.88842e-02
  1.30200e+01	 -2.02205e-02
  1.30300e+01	 -2.07531e-02
  1.30400e+01	 -2.16626e-02
  1.30500e+01	 -1.99282e-02
  1.30600e+01	 -1.64394e-02
  1.30700e+01	 -1.17198e-02
  1.30800e+01	 -7.32036e-03
  1.30900e+01	 -5.09207e-03
  1.31000e+01	 -2.97491e-03
  1.31100e+01	 -5.60617e-03
  1.31200e+01	 -1.31647e-02
  1.31300e+01	 -1.73819e-02
  1.31400e+01	 -1.95006e-02
  1.31500e+01	 -2.05523e-02
  1.31600e+01	 -1.61723e-02
  1.31700e+01	 -1.04080e-02
  1.31800e+01	 -9.47694e-03
  1.31900e+01	 -1.05347e-02
  1.32000e+01	 -1.15049e-02
  1.32100e+01	 -1.47389e-02
  1.32200e+01	 -1.87455e-02
  1.32300e+01	 -2.10744e-02
  1.32400e+01	 -2.01326e-02
  1.32500e+01	 -1.29945e-02
  1.32600e+01	 -2.75831e-03
  1.32700e+01	  1.54358e-03
  1.32800e+01	  1.05771e-03
  1.32900e+01	  2.58763e-04
  1.33000e+01	 -5.74848e-03
  1.33100e+01	 -1.37384e-02
  1.33200e+01	 -1.50443e-02
  1.33300e+01	 -1.45936e-02
  1.33400e+01	 -1.56852e-02
  1.33500e+01	 -1.45220e-02
  1.33600e+01	 -1.45344e-02
  1.33700e+01	 -1.65516e-02
  1.33800e+01	 -1.60518e-02
  1.33900e+01	 -1.39076e-02
  1.34000e+01	 -1.29945e-02
  1.34100e+01	 -1.25876e-02
  1.34200e+01	 -1.18106e-02
  1.34300e+01	 -1.22436e-02
  1.34400e+01	 -1.35140e-02
  1.34500e+01	 -1.36474e-02
  1.34600e+01	 -1.19426e-02
  1.34700e+01	 -9.24743e-03
  1.34800e+01	 -6.85862e-03
  1.34900e+01	 -5.46889e-03
  1.35000e+01	 -7.18890e-03
  1.35100e+01	 -1.02108e-02
  1.35200e+01	 -1.22128e-02
  1.35300e+01	 -1.65889e-02
  1.35400e+01	 -2.38864e-02
  1.35500e+01	 -3.01084e-02
  1.35600e+01	 -3.23908e-02
  1.35700e+01	 -3.08572e-02
  1.35800e+01	 -2.55791e-02
  1.35900e+01	 -2.00027e-02
  1.36000e+01	 -1.93187e-02
  1.36100e+01	 -2.23036e-02
  1.36200e+01	 -2.59603e-02
  1.36300e+01	 -2.84061e-02
  1.36400e+01	 -2.92765e-02
  1.36500e+01	 -2.86376e-02
  1.36600e+01	 -2.56130e-02
  1.36700e+01	 -1.96163e-02
  1.36800e+01	 -1.17157e-02
  1.36900e+01	 -6.90680e-03
  1.37000e+01	 -1.97852e-03
  1.37100e+01	  4.53215e-03
  1.37200e+01	  3.33896e-03
  1.37300e+01	 -2.58255e-03
  1.37400e+01	 -6.08119e-03
  1.37500e+01	 -9.35959e-03
  1.37600e+01	 -1.33739e-02
  1.37700e+01	 -1.49681e-02
  1.37800e+01	 -1.12136e-02
  1.37900e+01	 -2.72825e-03
  1.38000e+01	  5.82791e-03
  1.38100e+01	  1.12800e-02
  1.38200e+01	  1.56004e-02
  1.38300e+01	  1.88323e-02
  1.38400e+01	  1.85129e-02
  1.38500e+01	  1.75129e-02
  1.38600e+01	  1.87465e-02
  1.38700e+01	  2.03833e-02
  1.38800e+01	  1.98402e-02
  1.38900e+01	  1.69381e-02
  1.39000e+01	  1.30992e-02
  1.39100e+01	  6.62985e-03
  1.39200e+01	 -2.26395e-03
  1.39300e+01	 -7.27933e-03
  1.39400e+01	 -8.09781e-03
  1.39500e+01	 -8.88115e-03
  1.39600e+01	 -7.82431e-03
  1.39700e+01	 -5.45178e-03
  1.39800e+01	 -3.58199e-03
  1.39900e+01	 -1.44095e-03
  1.40000e+01	 -1.32448e-03
  1.40100e+01	 -2.34800e-03
  1.40200e+01	 -1.69386e-03
  1.40300e+01	 -1.61050e-03
  1.40400e+01	 -3.94472e-03
  1.40500e+01	 -6.07684e-03
  1.40600e+01	 -6.34841e-03
  1.40700e+01	 -6.70109e-03
  1.40800e+01	 -6.30152e-03
  1.40900e+01	 -4.62958e-03
  1.41000e+01	 -4.01438e-03
  1.41100e+01	 -1.61765e-03
  1.41200e+01	  3.93337e-03
  1.41300e+01	  7.21620e-03
  1.41400e+01	  8.47587e-03
  1.41500e+01	  1.10629e-02
  1.41600e+01	  1.28737e-02
  1.41700e+01	  1.40601e-02
  1.41800e+01	  1.76898e-02
  1.41900e+01	  2.25296e-02
  1.42000e+01	  2.54895e-02
  1.42100e+01	  2.74486e-02
  1.42200e+01	  2.88555e-02
  1.42300e+01	  2.87388e-02
  1.42400e+01	  3.12552e-02
  1.42500e+01	  3.64095e-02
  1.42600e+01	  3.84436e-02
  1.42700e+01	  3.89164e-02
  1.42800e+01	  3.76003e-02
  1.42900e+01	  3.16958e-02
  1.43000e+01	  2.58513e-02
  1.43100e+01	  2.32188e-02
  1.43200e+01	  2.17469e-02
  1.43300e+01	  2.24640e-02
  1.43400e+01	  2.61511e-02
  1.43500e+01	  2.80358e-02
  1.43600e+01	  2.82626e-02
  1.43700e+01	  2.72561e-02
  1.43800e+01	  2.41566e-02
  1.43900e+01	  2.26754e-02
  1.44000e+01	  2.16676e-02
  1.44100e+01	  1.91652e-02
  1.44200e+01	  1.78140e-02
  1.44300e+01	  1.81617e-02
  1.44400e+01	  1.79652e-02
  1.44500e+01	  1.71376e-02
  1.44600e+01	  1.66853e-02
  1.44700e+01	  1.72727e-02
  1.44800e+01	  1.93166e-02
  1.44900e+01	  2.13754e-02
  1.45000e+01	  2.35017e-02
  1.45100e+01	  2.44075e-02
  1.45200e+01	  2.18844e-02
  1.45300e+01	  1.97673e-02
  1.45400e+01	  1.92562e-02
  1.45500e+01	  1.72298e-02
  1.45600e+01	  1.47897e-02
  1.45700e+01	  1.47043e-02
  1.45800e+01	  1.70700e-02
  1.45900e+01	  1.91511e-02
  1.46000e+01	  2.06888e-02
  1.46100e+01	  2.34214e-02
  1.46200e+01	  2.65527e-02
  1.46300e+01	  2.82060e-02
  1.46400e+01	  2.52380e-02
  1.46500e+01	  1.78625e-02
  1.46600e+01	  9.10883e-03
  1.46700e+01	  2.93075e-03
  1.46800e+01	  1.69832e-03
  1.46900e+01	 -1.17493e-03
  1.47000e+01	 -5.62932e-03
  1.47100e+01	 -3.61962e-03
  1.47200e+01	  1.45116e-04
  1.47300e+01	  2.65945e-03
  1.47400e+01	  8.28972e-03
  1.47500e+01	  1.14731e-02
  1.47600e+01	  1.25225e-02
  1.47700e+01	  1.59417e-02
  1.47800e+01	  1.49091e-02
  1.47900e+01	  1.09396e-02
  1.48000e+01	  9.64485e-03
  1.48100e+01	  4.83539e-03
  1.48200e+01	 -1.91331e-03
  1.48300e+01	 -3.07719e-03
  1.48400e+01	 -2.36169e-03
  1.48500e+01	 -3.52779e-03
  1.48600e+01	 -4.77184e-03
  1.48700e+01	 -5.02218e-03
  1.48800e+01	 -4.52054e-03
  1.48900e+01	 -2.42812e-03
  1.49000e+01	  4.55753e-04
  1.49100e+01	  2.26776e-03
  1.49200e+01	  4.71130e-03
  1.49300e+01	  5.04612e-03
  1.49400e+01	  5.64120e-04
  1.49500e+01	 -6.94035e-03
  1.49600e+01	 -1.63879e-02
  1.49700e+01	 -2.17324e-02
  1.49800e+01	 -2.43141e-02
  1.49900e+01	 -2.89223e-02
  1.50000e+01	 -3.18734e-02
  1.50100e+01	 -3.16349e-02
  1.50200e+01	 -2.89515e-02
  1.50300e+01	 -2.63132e-02
  1.50400e+01	 -2.40156e-02
  1.50500e+01	 -2.20711e-02
  1.50600e+01	 -2.28611e-02
  1.50700e+01	 -2.37097e-02
  1.50800e+01	 -2.24226e-02
  1.50900e+01	 -2.05099e-02
  1.51000e+01	 -1.86241e-02
  1.51100e+01	 -1.86741e-02
  1.51200e+01	 -2.23086e-02
  1.51300e+01	 -2.55092e-02
  1.51400e+01	 -2.67213e-02
  1.51500e+01	 -2.89492e-02
  1.51600e+01	 -2.68656e-02
  1.51700e+01	 -1.88716e-02
  1.51800e+01	 -1.30888e-02
  1.51900e+01	 -9.25643e-03
  1.52000e+01	 -5.07006e-03
  1.52100e+01	 -2.22109e-03
  1.52200e+01	 -2.26198e-03
  1.52300e+01	 -4.71822e-03
  1.52400e+01	 -6.15278e-03
  1.52500e+01	 -7.78431e-03
  1.52600e+01	 -9.78373e-03
  1.52700e+01	 -8.90076e-03
  1.52800e+01	 -7.73398e-03
  1.52900e+01	 -8.04462e-03
  1.53000e+01	 -8.05978e-03
  1.53100e+01	 -9.04742e-03
  1.53200e+01	 -1.09202e-02
  1.53300e+01	 -1.18800e-02
  1.53400e+01	 -1.09170e-02
  1.53500e+01	 -6.72537e-03
  1.53600e+01	  5.12868e-03
  1.53700e+01	  2.21662e-02
  1.53800e+01	  2.70778e-02
  1.53900e+01	  2.46212e-02
  1.54000e+01	  2.65311e-02
  1.54100e+01	  1.98343e-02
  1.54200e+01	  5.99486e-03
  1.54300e+01	  1.04625e-03
  1.54400e+01	  2.85348e-03
  1.54500e+01	  2.57356e-03
  1.54600e+01	  4.07995e-03
  1.54700e+01	  6.43472e-03
  1.54800e+01	  6.38309e-03
  1.54900e+01	  8.10398e-03
  1.55000e+01	  1.11230e-02
  1.55100e+01	  1.41799e-02
  1.55200e+01	  1.69407e-02
  1.55300e+01	  1.88671e-02
  1.55400e+01	  2.10315e-02
  1.55500e+01	  2.31826e-02
  1.55600e+01	  2.45312e-02
  1.55700e+01	  2.57665e-02
  1.55800e+01	  2.47684e-02
  1.55900e+01	  2.08443e-02
  1.56000e+01	  1.66991e-02
  1.56100e+01	  1.22031e-02
  1.56200e+01	  7.98321e-03
  1.56300e+01	  4.29380e-03
  1.56400e+01	  2.93112e-03
  1.56500e+01	  5.33234e-03
  1.56600e+01	  6.59793e-03
  1.56700e+01	  5.16264e-03
  1.56800e+01	  2.07296e-03
  1.56900e+01	 -1.13162e-03
  1.57000e+01	 -2.33269e-03
  1.57100e+01	 -3.68887e-03
  1.57200e+01	 -6.13658e-03
  1.57300e+01	 -7.87280e-03
  1.57400e+01	 -9.14016e-03
  1.57500e+01	 -1.07096e-02
  1.57600e+01	 -1.19961e-02
  1.57700e+01	 -1.46549e-02
  1.57800e+01	 -2.06456e-02
  1.57900e+01	 -2.58865e-02
  1.58000e+01	 -2.72779e-02
  1.58100e+01	 -2.79850e-02
  1.58200e+01	 -2.88765e-02
  1.58300e+01	 -2.71202e-02
  1.58400e+01	 -2.24700e-02
  1.58500e+01	 -1.51998e-02
  1.58600e+01	 -3.52774e-03
  1.58700e+01	  9.20852e-03
  1.58800e+01	  1.56675e-02
  1.58900e+01	  1.45861e-02
  1.59000e+01	  9.41411e-03
  1.59100e+01	  3.24803e-03
  1.59200e+01	 -9.98103e-05
  1.59300e+01	 -1.24628e-04
  1.59400e+01	  1.17066e-03
  1.59500e+01	  4.26850e-03
  1.59600e+01	  4.99664e-03
  1.59700e+01	  1.91364e-04
  1.59800e+01	 -5.08617e-03
  1.59900e+01	 -8.79538e-03
  1.60000e+01	 -9.63129e-03
  1.60100e+01	 -6.70558e-03
  1.60200e+01	 -4.72429e-03
  1.60300e+01	 -2.01491e-03
  1.60400e+01	  2.64594e-03
  1.60500e+01	  4.15645e-03
  1.60600e+01	  4.49007e-03
  1.60700e+01	  7.30398e-03
  1.60800e+01	  1.18752e-02
  1.60900e+01	  1.49877e-02
  1.61000e+01	  1.46474e-02
  1.61100e+01	  1.34181e-02
  1.61200e+01	  1.07900e-02
  1.61300e+01	  3.12766e-03
  1.61400e+01	 -3.41920e-03
  1.61500e+01	 -3.79727e-03
  1.61600e+01	 -4.06602e-03
  1.61700e+01	 -2.33501e-03
  1.61800e+01	  3.79529e-03
  1.61900e+01	  6.97368e-03
  1.62000e+01	  5.26662e-03
  1.62100e+01	  2.67440e-03
  1.62200e+01	  8.72466e-04
  1.62300e+01	  4.29090e-06
  1.62400e+01	 -1.59208e-05
  1.62500e+01	 -8.60866e-04
  1.62600e+01	 -2.71181e-03
  1.62700e+01	 -1.57287e-03
  1.62800e+01	  3.13170e-03
  1.62900e+01	  6.77856e-03
  1.63000e+01	  9.65325e-03
  1.63100e+01	  1.28049e-02
  1.63200e+01	  1.40497e-02
  1.63300e+01	  1.66747e-02
  1.63400e+01	  2.21967e-02
  1.63500e+01	  2.51589e-02
  1.63600e+01	  2.77426e-02
  1.63700e+01	  3.27267e-02
  1.63800e+01	  3.34590e-02
  1.63900e+01	  3.06651e-02
  1.64000e+01	  3.03123e-02
  1.64100e+01	  2.99155e-02
  1.64200e+01	  2.73884e-02
  1.64300e+01	  2.43177e-02
  1.64400e+01	  2.08218e-02
  1.64500e+01	  1.90234e-02
  1.64600e+01	  1.89105e-02
  1.64700e+01	  1.77976e-02
  1.64800e+01	  1.72266e-02
  1.64900e+01	  1.46413e-02
  1.65000e+01	  7.71955e-03
  1.65100e+01	  3.44321e-03
  1.65200e+01	  2.82615e-03
  1.65300e+01	  4.13294e-03
  1.65400e+01	  8.87757e-03
  1.65500e+01	  1.58110e-02
  1.65600e+01	  2.12212e-02
  1.65700e+01	  2.29619e-02
  1.65800e+01	  2.41683e-02
  1.65900e+01	  2.35024e-02
  1.66000e+01	  1.85652e-02
  1.66100e+01	  1.42342e-02
  1.66200e+01	  1.53555e-02
  1.66300e+01	  1.75310e-02
  1.66400e+01	  1.64757e-02
  1.66500e+01	  1.46576e-02
  1.66600e+01	  1.23239e-02
  1.66700e+01	  9.77113e-03
  1.66800e+01	  7.36097e-03
  1.66900e+01	  5.69767e-03
  1.67000e+01	  6.07250e-03
  1.67100e+01	  6.68156e-03
  1.67200e+01	  6.32987e-03
  1.67300e+01	  5.18392e-03
  1.67400e+01	  2.31860e-03
  1.67500e+01	 -1.28409e-03
  1.67600e+01	 -3.95311e-03
  1.67700e+01	 -5.34891e-03
  1.67800e+01	 -5.17182e-03
  1.67900e+01	 -4.39092e-03
  1.68000e+01	 -4.86525e-03
  1.68100e+01	 -6.64419e-03
  1.68200e+01	 -8.00628e-03
  1.68300e+01	 -9.20544e-03
  1.68400e+01	 -1.03226e-02
  1.68500e+01	 -1.04009e-02
  1.68600e+01	 -1.07624e-02
  1.68700e+01	 -1.22188e-02
  1.68800e+01	 -1.51702e-02
  1.68900e+01	 -1.89240e-02
  1.69000e+01	 -2.18478e-02
  1.69100e+01	 -2.29191e-02
  1.69200e+01	 -2.07815e-02
  1.69300e+01	 -1.72353e-02
  1.69400e+01	 -1.31813e-02
  1.69500e+01	 -9.36154e-03
  1.69600e+01	 -8.05985e-03
  1.69700e+01	 -8.15310e-03
  1.69800e+01	 -8.55626e-03
  1.69900e+01	 -9.32445e-03
  1.70000e+01	 -1.23573e-02
  1.70100e+01	 -1.56658e-02
  1.70200e+01	 -1.59704e-02
  1.70300e+01	 -1.54910e-02
  1.70400e+01	 -1.43571e-02
  1.70500e+01	 -1.28938e-02
  1.70600e+01	 -1.14670e-02
  1.70700e+01	 -1.04988e-02
  1.70800e+01	 -1.29328e-02
  1.70900e+01	 -1.64988e-02
  1.71000e+01	 -1.95557e-02
  1.71100e+01	 -2.33640e-02
  1.71200e+01	 -2.54669e-02
  1.71300e+01	 -2.64784e-02
  1.71400e+01	 -2.83641e-02
  1.71500e+01	 -2.98344e-02
  1.71600e+01	 -2.86274e-02
  1.71700e+01	 -2.49722e-02
  1.71800e+01	 -2.26997e-02
  1.71900e+01	 -2.09999e-02
  1.72000e+01	 -1.64872e-02
  1.72100e+01	 -1.15565e-02
  1.72200e+01	 -9.09251e-03
  1.72300e+01	 -6.77441e-03
  1.72400e+01	 -4.37422e-03
  1.72500e+01	 -3.88103e-03
  1.72600e+01	 -3.15377e-03
  1.72700e+01	 -1.31767e-03
  1.72800e+01	 -2.27217e-05
  1.72900e+01	  5.02270e-04
  1.73000e+01	  7.93604e-05
  1.73100e+01	 -1.65278e-03
  1.73200e+01	 -5.06634e-03
  1.73300e+01	 -9.21915e-03
  1.73400e+01	 -1.11452e-02
  1.73500e+01	 -1.49081e-02
  1.73600e+01	 -2.56136e-02
  1.73700e+01	 -3.20884e-02
  1.73800e+01	 -2.86085e-02
  1.73900e+01	 -2.71014e-02
  1.74000e+01	 -2.55337e-02
  1.74100e+01	 -1.92832e-02
  1.74200e+01	 -1.88661e-02
  1.74300e+01	 -2.18451e-02
  1.74400e+01	 -1.97263e-02
  1.74500e+01	 -1.40345e-02
  1.74600e+01	 -7.45941e-03
  1.74700e+01	 -2.61995e-03
  1.74800e+01	  1.32766e-03
  1.74900e+01	  4.61469e-03
  1.75000e+01	  4.62996e-03
  1.75100e+01	  3.11855e-03
  1.75200e+01	  1.69501e-03
  1.75300e+01	  1.49169e-03
  1.75400e+01	  4.91436e-03
  1.75500e+01	  8.20894e-03
  1.75600e+01	  9.46395e-03
  1.75700e+01	  1.18612e-02
  1.75800e+01	  1.30207e-02
  1.75900e+01	  1.20991e-02
  1.76000e+01	  1.23014e-02
  1.76100e+01	  1.26513e-02
  1.76200e+01	  1.20794e-02
  1.76300e+01	  1.15956e-02
  1.76400e+01	  1.12871e-02
  1.76500e+01	  1.11342e-02
  1.76600e+01	  1.07747e-02
  1.76700e+01	  9.87832e-03
  1.76800e+01	  8.93195e-03
  1.76900e+01	  9.96234e-03
  1.77000e+01	  1.30717e-02
  1.77100e+01	  1.51060e-02
  1.77200e+01	  1.70775e-02
  1.77300e+01	  2.08041e-02
  1.77400e+01	  2.09589e-02
  1.77500e+01	  1.65833e-02
  1.77600e+01	  1.27937e-02
  1.77700e+01	  7.20331e-03
  1.77800e+01	  2.20812e-03
  1.77900e+01	  2.68045e-03
  1.78000e+01	  2.31152e-03
  1.78100e+01	 -1.17841e-04
  1.78200e+01	 -7.38273e-04
  1.78300e+01	 -1.08761e-03
  1.78400e+01	 -1.83057e-03
  1.78500e+01	  4.03419e-04
  1.78600e+01	  5.00333e-03
  1.78700e+01	  9.60304e-03
  1.78800e+01	  1.38686e-02
  1.78900e+01	  1.58642e-02
  1.79000e+01	  1.28509e-02
  1.79100e+01	  4.56604e-03
  1.79200e+01	 -1.40138e-03
  1.79300e+01	 -3.44318e-03
  1.79400e+01	 -5.03564e-03
  1.79500e+01	 -5.36136e-03
  1.79600e+01	 -6.62118e-03
  1.79700e+01	 -9.06108e-03
  1.79800e+01	 -1.11904e-02
  1.79900e+01	 -1.21333e-02
  1.80000e+01	 -1.18187e-02
  1.80100e+01	 -1.11057e-02
  1.80200e+01	 -9.67586e-03
  1.80300e+01	 -8.05950e-03
  1.80400e+01	 -7.05263e-03
  1.80500e+01	 -6.85049e-03
  1.80600e+01	 -7.14016e-03
  1.80700e+01	 -7.82182e-03
  1.80800e+01	 -8.51910e-03
  1.80900e+01	 -8.11776e-03
  1.81000e+01	 -7.50989e-03
  1.81100e+01	 -7.42962e-03
  1.81200e+01	 -7.64163e-03
  1.81300e+01	 -8.98557e-03
  1.81400e+01	 -1.06573e-02
  1.81500e+01	 -1.19572e-02
  1.81600e+01	 -1.23928e-02
  1.81700e+01	 -1.07470e-02
  1.81800e+01	 -9.54676e-03
  1.81900e+01	 -6.53015e-03
  1.82000e+01	  1.91078e-03
  1.82100e+01	  8.37461e-03
  1.82200e+01	  9.80089e-03
  1.82300e+01	  1.10850e-02
  1.82400e+01	  1.17368e-02
  1.82500e+01	  1.02135e-02
  1.82600e+01	  8.96677e-03
  1.82700e+01	  7.59115e-03
  1.82800e+01	  4.94312e-03
  1.82900e+01	  3.03159e-03
  1.83000e+01	  1.79321e-03
  1.83100e+01	  1.30834e-03
  1.83200e+01	  2.17173e-03
  1.83300e+01	  2.73657e-03
  1.83400e+01	  2.62574e-03
  1.83500e+01	  2.50397e-03
  1.83600e+01	  2.36996e-03
  1.83700e+01	  2.75122e-03
  1.83800e+01	  5.40829e-03
  1.83900e+01	  9.57712e-03
  1.84000e+01	  1.26833e-02
  1.84100e+01	  1.42566e-02
  1.84200e+01	  1.39871e-02
  1.84300e+01	  1.32861e-02
  1.84400e+01	  1.40425e-02
  1.84500e+01	  1.54909e-02
  1.84600e+01	  1.64510e-02
  1.84700e+01	  1.68826e-02
  1.84800e+01	  1.71688e-02
  1.84900e+01	  1.71658e-02
  1.85000e+01	  1.70766e-02
  1.85100e+01	  1.66151e-02
  1.85200e+01	  1.52323e-02
  1.85300e+01	  1.17126e-02
  1.85400e+01	  5.72614e-03
  1.85500e+01	  1.84883e-03
  1.85600e+01	  1.41728e-03
  1.85700e+01	  2.22425e-03
  1.85800e+01	  5.00365e-03
  1.85900e+01	  7.28781e-03
  1.86000e+01	  7.29069e-03
  1.86100e+01	  8.41514e-03
  1.86200e+01	  1.04283e-02
  1.86300e+01	  1.07973e-02
  1.86400e+01	  1.07146e-02
  1.86500e+01	  1.09984e-02
  1.86600e+01	  1.05320e-02
  1.86700e+01	  9.57156e-03
  1.86800e+01	  8.52136e-03
  1.86900e+01	  7.38114e-03
  1.87000e+01	  7.92157e-03
  1.87100e+01	  9.64066e-03
  1.87200e+01	  9.55990e-03
  1.87300e+01	  6.56946e-03
  1.87400e+01	  1.57535e-03
  1.87500e+01	 -4.86928e-03
  1.87600e+01	 -9.69632e-03
  1.87700e+01	 -8.91088e-03
  1.87800e+01	 -6.61495e-03
  1.87900e+01	 -5.82876e-03
  1.88000e+01	 -5.21408e-03
  1.88100e+01	 -5.81908e-03
  1.88200e+01	 -6.49301e-03
  1.88300e+01	 -4.59877e-03
  1.88400e+01	 -2.18519e-03
  1.88500e+01	 -7.37279e-04
  1.88600e+01	  5.23545e-04
  1.88700e+01	 -3.27662e-05
  1.88800e+01	 -1.33785e-03
  1.88900e+01	 -1.98379e-03
  1.89000e+01	 -4.42321e-03
  1.89100e+01	 -8.78227e-03
  1.89200e+01	 -1.29599e-02
  1.89300e+01	 -1.61687e-02
  1.89400e+01	 -1.79081e-02
  1.89500e+01	 -1.66488e-02
  1.89600e+01	 -1.35327e-02
  1.89700e+01	 -1.12529e-02
  1.89800e+01	 -7.82817e-03
  1.89900e+01	 -3.69473e-03
  1.90000e+01	 -2.90858e-03
  1.90100e+01	 -4.87622e-03
  1.90200e+01	 -6.71649e-03
  1.90300e+01	 -9.16184e-03
  1.90400e+01	 -1.17935e-02
  1.90500e+01	 -1.05855e-02
  1.90600e+01	 -7.14220e-03
  1.90700e+01	 -5.65901e-03
  1.90800e+01	 -4.69053e-03
  1.90900e+01	 -2.78901e-03
  1.91000e+01	 -1.39919e-03
  1.91100e+01	 -7.92431e-04
  1.91200e+01	 -8.45704e-04
  1.91300e+01	 -1.73557e-03
  1.91400e+01	 -2.84578e-03
  1.91500e+01	 -3.56345e-03
  1.91600e+01	 -3.43972e-03
  1.91700e+01	 -1.73353e-03
  1.91800e+01	  3.34454e-04
  1.91900e+01	  9.84865e-04
  1.92000e+01	  1.13566e-03
  1.92100e+01	  2.25201e-04
  1.92200e+01	 -1.83407e-03
  1.92300e+01	 -3.22616e-03
  1.92400e+01	 -4.87655e-03
  1.92500e+01	 -6.95991e-03
  1.92600e+01	 -8.41813e-03
  1.92700e+01	 -8.86650e-03
  1.92800e+01	 -7.37466e-03
  1.92900e+01	 -5.22286e-03
  1.93000e+01	 -4.08166e-03
  1.93100e+01	 -5.09536e-03
  1.93200e+01	 -8.70454e-03
  1.93300e+01	 -1.12805e-02
  1.93400e+01	 -1.14129e-02
  1.93500e+01	 -9.07808e-03
  1.93600e+01	 -6.22419e-03
  1.93700e+01	 -5.82401e-03
  1.93800e+01	 -7.26293e-03
  1.93900e+01	 -1.16579e-02
  1.94000e+01	 -1.54744e-02
  1.94100e+01	 -1.57890e-02
  1.94200e+01	 -1.62536e-02
  1.94300e+01	 -1.59804e-02
  1.94400e+01	 -1.31412e-02
  1.94500e+01	 -1.07201e-02
  1.94600e+01	 -9.90229e-03
  1.94700e+01	 -8.73717e-03
  1.94800e+01	 -8.63494e-03
  1.94900e+01	 -1.03193e-02
  1.95000e+01	 -1.10389e-02
  1.95100e+01	 -1.11289e-02
  1.95200e+01	 -1.12801e-02
  1.95300e+01	 -1.12631e-02
  1.95400e+01	 -1.21070e-02
  1.95500e+01	 -1.37093e-02
  1.95600e+01	 -1.53160e-02
  1.95700e+01	 -1.59475e-02
  1.95800e+01	 -1.43327e-02
  1.95900e+01	 -1.19992e-02
  1.96000e+01	 -1.03423e-02
  1.96100e+01	 -7.78282e-03
  1.96200e+01	 -5.79445e-03
  1.96300e+01	 -6.59407e-03
  1.96400e+01	 -8.21147e-03
  1.96500e+01	 -9.59190e-03
  1.96600e+01	 -1.04476e-02
  1.96700e+01	 -8.50037e-03
  1.96800e+01	 -4.91916e-03
  1.96900e+01	 -2.50436e-03
  1.97000e+01	 -1.64132e-03
  1.97100e+01	 -2.43156e-03
  1.97200e+01	 -3.74295e-03
  1.97300e+01	 -4.79803e-03
  1.97400e+01	 -7.39581e-03
  1.97500e+01	 -1.07346e-02
  1.97600e+01	 -1.17648e-02
  1.97700e+01	 -1.09835e-02
  1.97800e+01	 -8.47806e-03
  1.97900e+01	 -4.18801e-03
  1.98000e+01	 -1.54207e-03
  1.98100e+01	 -9.43528e-04
  1.98200e+01	 -1.02919e-03
  1.98300e+01	 -2.47057e-03
  1.98400e+01	 -4.54210e-03
  1.98500e+01	 -4.81773e-03
  1.98600e+01	 -1.67716e-03
  1.98700e+01	  1.52446e-03
  1.98800e+01	  3.50970e-03
  1.98900e+01	  7.78224e-03
  1.99000e+01	  1.22148e-02
  1.99100e+01	  1.36407e-02
  1.99200e+01	  1.36584e-02
  1.99300e+01	  1.31849e-02
  1.99400e+01	  1.14688e-02
  1.99500e+01	  7.69068e-03
  1.99600e+01	  3.56143e-03
  1.99700e+01	  1.37455e-03
  1.99800e+01	 -4.93122e-04
  1.99900e+01	 -2.54358e-03
  2.00000e+01	 -3.87330e-03
  2.00100e+01	 -4.67914e-03
  2.00200e+01	 -2.32316e-03
  2.00300e+01	  3.41480e-03
  2.00400e+01	  7.74732e-03
  2.00500e+01	  1.21444e-02
  2.00600e+01	  1.77289e-02
  2.00700e+01	  1.90737e-02
  2.00800e+01	  1.76907e-02
  2.00900e+01	  1.83474e-02
  2.01000e+01	  2.00289e-02
  2.01100e+01	  2.15100e-02
  2.01200e+01	  2.28184e-02
  2.01300e+01	  2.39766e-02
  2.01400e+01	  2.48997e-02
  2.01500e+01	  2.45598e-02
  2.01600e+01	  2.34621e-02
  2.01700e+01	  2.18287e-02
  2.01800e+01	  1.75552e-02
  2.01900e+01	  1.22535e-02
  2.02000e+01	  9.99370e-03
  2.02100e+01	  9.39720e-03
  2.02200e+01	  9.34162e-03
  2.02300e+01	  1.08959e-02
  2.02400e+01	  1.33151e-02
  2.02500e+01	  1.51548e-02
  2.02600e+01	  1.50618e-02
  2.02700e+01	  1.55774e-02
  2.02800e+01	  1.78680e-02
  2.02900e+01	  1.92817e-02
  2.03000e+01	  2.14461e-02
  2.03100e+01	  2.48095e-02
  2.03200e+01	  2.55106e-02
  2.03300e+01	  2.40324e-02
  2.03400e+01	  2.19612e-02
  2.03500e+01	  1.88934e-02
  2.03600e+01	  1.56554e-02
  2.03700e+01	  1.36023e-02
  2.03800e+01	  1.33910e-02
  2.03900e+01	  1.40842e-02
  2.04000e+01	  1.44930e-02
  2.04100e+01	  1.39591e-02
  2.04200e+01	  1.08919e-02
  2.04300e+01	  5.88730e-03
  2.04400e+01	  1.87515e-03
  2.04500e+01	 -1.66419e-03
  2.04600e+01	 -5.39129e-03
  2.04700e+01	 -7.63761e-03
  2.04800e+01	 -8.52360e-03
  2.04900e+01	 -8.76970e-03
  2.05000e+01	 -6.08193e-03
  2.05100e+01	 -7.84584e-04
  2.05200e+01	  3.11369e-03
  2.05300e+01	  4.94421e-03
  2.05400e+01	  5.24198e-03
  2.05500e+01	  5.57811e-03
  2.05600e+01	  6.77353e-03
  2.05700e+01	  7.27311e-03
  2.05800e+01	  7.07261e-03
  2.05900e+01	  4.97244e-03
  2.06000e+01	  1.31955e-03
  2.06100e+01	 -1.06998e-03
  2.06200e+01	 -3.63999e-03
  2.06300e+01	 -7.31366e-03
  2.06400e+01	 -1.03258e-02
  2.06500e+01	 -1.26408e-02
  2.06600e+01	 -1.43624e-02
  2.06700e+01	 -1.39051e-02
  2.06800e+01	 -1.14677e-02
  2.06900e+01	 -1.02257e-02
  2.07000e+01	 -1.04295e-02
  2.07100e+01	 -1.03356e-02
  2.07200e+01	 -1.02694e-02
  2.07300e+01	 -9.41473e-03
  2.07400e+01	 -5.53743e-03
  2.07500e+01	 -1.01832e-03
  2.07600e+01	  1.80046e-03
  2.07700e+01	  4.23241e-03
  2.07800e+01	  4.55263e-03
  2.07900e+01	  2.71655e-03
  2.08000e+01	  9.97704e-04
  2.08100e+01	 -1.86470e-04
  2.08200e+01	  3.17998e-04
  2.08300e+01	  1.35510e-03
  2.08400e+01	  1.29063e-03
  2.08500e+01	  1.64708e-03
  2.08600e+01	  1.96683e-03
  2.08700e+01	  1.25389e-04
  2.08800e+01	 -4.14130e-03
  2.08900e+01	 -8.56010e-03
  2.09000e+01	 -1.08130e-02
  2.09100e+01	 -1.25136e-02
  2.09200e+01	 -1.44230e-02
  2.09300e+01	 -1.50663e-02
  2.09400e+01	 -1.43883e-02
  2.09500e+01	 -1.32821e-02
  2.09600e+01	 -1.18695e-02
  2.09700e+01	 -9.10152e-03
  2.09800e+01	 -6.32384e-03
  2.09900e+01	 -5.31708e-03
  2.10000e+01	 -4.68960e-03
  2.10100e+01	 -3.51158e-03
  2.10200e+01	 -5.33691e-04
  2.10300e+01	  4.33288e-03
  2.10400e+01	  7.41578e-03
  2.10500e+01	  7.62967e-03
  2.10600e+01	  5.32975e-03
  2.10700e+01	  1.64372e-03
  2.10800e+01	 -2.17263e-03
  2.10900e+01	 -4.48963e-03
  2.11000e+01	 -2.26772e-03
  2.11100e+01	  4.20304e-04
  2.11200e+01	  1.10134e-03
  2.11300e+01	  3.22840e-03
  2.11400e+01	  5.49855e-03
  2.11500e+01	  5.99196e-03
  2.11600e+01	  5.62084e-03
  2.11700e+01	  4.52448e-03
  2.11800e+01	  1.52397e-03
  2.11900e+01	 -1.72694e-03
  2.12000e+01	 -1.87420e-03
  2.12100e+01	 -2.10317e-04
  2.12200e+01	  1.13194e-03
  2.12300e+01	  2.88830e-03
  2.12400e+01	  4.70222e-03
  2.12500e+01	  4.75906e-03
  2.12600e+01	  3.85113e-03
  2.12700e+01	  3.83790e-03
  2.12800e+01	  3.81874e-03
  2.12900e+01	  2.98453e-03
  2.13000e+01	  3.73124e-03
  2.13100e+01	  7.24094e-03
  2.13200e+01	  1.15070e-02
  2.13300e+01	  1.34621e-02
  2.13400e+01	  1.00429e-02
  2.13500e+01	  4.50878e-03
  2.13600e+01	 -1.60905e-03
  2.13700e+01	 -9.02501e-03
  2.13800e+01	 -1.11647e-02
  2.13900e+01	 -9.52412e-03
  2.14000e+01	 -9.46144e-03
  2.14100e+01	 -8.73005e-03
  2.14200e+01	 -6.46266e-03
  2.14300e+01	 -4.88091e-03
  2.14400e+01	 -6.58888e-03
  2.14500e+01	 -9.09621e-03
  2.14600e+01	 -9.32279e-03
  2.14700e+01	 -8.95832e-03
  2.14800e+01	 -8.02017e-03
  2.14900e+01	 -6.96361e-03
  2.15000e+01	 -6.33868e-03
  2.15100e+01	 -5.88341e-03
  2.15200e+01	 -6.25089e-03
  2.15300e+01	 -6.70183e-03
  2.15400e+01	 -7.38591e-03
  2.15500e+01	 -8.52634e-03
  2.15600e+01	 -9.38420e-03
  2.15700e+01	 -1.01322e-02
  2.15800e+01	 -1.14216e-02
  2.15900e+01	 -1.36646e-02
  2.16000e+01	 -1.54408e-02
  2.16100e+01	 -1.37454e-02
  2.16200e+01	 -8.30167e-03
  2.16300e+01	 -3.12433e-04
  2.16400e+01	  6.80369e-03
  2.16500e+01	  6.19867e-03
  2.16600e+01	  1.16744e-03
  2.16700e+01	 -3.91402e-04
  2.16800e+01	 -2.43337e-03
  2.16900e+01	 -6.56974e-03
  2.17000e+01	 -7.37188e-03
  2.17100e+01	 -7.55594e-03
  2.17200e+01	 -9.74261e-03
  2.17300e+01	 -1.03901e-02
  2.17400e+01	 -9.65367e-03
  2.17500e+01	 -9.31297e-03
  2.17600e+01	 -9.17306e-03
  2.17700e+01	 -9.69178e-03
  2.17800e+01	 -1.05954e-02
  2.17900e+01	 -9.37017e-03
  2.18000e+01	 -6.25145e-03
  2.18100e+01	 -3.39441e-03
  2.18200e+01	  5.13928e-04
  2.18300e+01	  3.70756e-03
  2.18400e+01	  3.25032e-03
  2.18500e+01	  2.84210e-03
  2.18600e+01	  3.66909e-03
  2.18700e+01	  3.98751e-03
  2.18800e+01	  5.35191e-03
  2.18900e+01	  7.19432e-03
  2.19000e+01	  8.73808e-03
  2.19100e+01	  1.14514e-02
  2.19200e+01	  1.31681e-02
  2.19300e+01	  1.31397e-02
  2.19400e+01	  1.42559e-02
  2.19500e+01	  1.59041e-02
  2.19600e+01	  1.55983e-02
  2.19700e+01	  1.30767e-02
  2.19800e+01	  8.55800e-03
  2.19900e+01	  2.94301e-03
  2.20000e+01	 -9.91326e-04
  2.20100e+01	 -3.72414e-03
  2.20200e+01	 -5.50364e-03
  2.20300e+01	 -4.45646e-03
  2.20400e+01	 -2.40027e-03
  2.20500e+01	 -8.50528e-04
  2.20600e+01	  4.43491e-05
  2.20700e+01	 -5.60585e-04
  2.20800e+01	 -1.96109e-03
  2.20900e+01	 -2.79797e-03
  2.21000e+01	 -2.81869e-04
  2.21100e+01	  5.60347e-03
  2.21200e+01	  9.79536e-03
  2.21300e+01	  1.26601e-02
  2.21400e+01	  1.36006e-02
  2.21500e+01	  1.07791e-02
  2.21600e+01	  8.51223e-03
  2.21700e+01	  7.03587e-03
  2.21800e+01	  5.36163e-03
  2.21900e+01	  4.32688e-03
  2.22000e+01	  3.10200e-03
  2.22100e+01	  1.37040e-03
  2.22200e+01	 -5.14521e-04
  2.22300e+01	 -1.97068e-03
  2.22400e+01	 -1.37197e-03
  2.22500e+01	  1.78258e-03
  2.22600e+01	  5.02096e-03
  2.22700e+01	  8.51466e-03
  2.22800e+01	  1.26411e-02
  2.22900e+01	  1.56551e-02
  2.23000e+01	  1.73124e-02
  2.23100e+01	  1.66857e-02
  2.23200e+01	  1.42817e-02
  2.23300e+01	  1.21619e-02
  2.23400e+01	  9.76363e-03
  2.23500e+01	  7.31928e-03
  2.23600e+01	  5.96099e-03
  2.23700e+01	  4.77131e-03
  2.23800e+01	  3.41340e-03
  2.23900e+01	  1.51348e-03
  2.24000e+01	 -5.24846e-04
  2.24100e+01	 -1.50722e-03
  2.24200e+01	 -1.19963e-03
  2.24300e+01	  1.45999e-04
  2.24400e+01	  1.19819e-03
  2.24500e+01	  2.52595e-03
  2.24600e+01	  3.95298e-03
  2.24700e+01	  3.05636e-03
  2.24800e+01	  1.77109e-03
  2.24900e+01	  1.22912e-03
  2.25000e+01	 -1.02895e-03
  2.25100e+01	 -2.45674e-03
  2.25200e+01	 -1.72839e-03
  2.25300e+01	 -2.14689e-03
  2.25400e+01	 -2.77520e-03
  2.25500e+01	 -2.99468e-03
  2.25600e+01	 -4.74076e-03
  2.25700e+01	 -6.59085e-03
  2.25800e+01	 -7.13934e-03
  2.25900e+01	 -6.10210e-03
  2.26000e+01	 -3.34195e-03
  2.26100e+01	 -9.19989e-04
  2.26200e+01	  1.37268e-04
  2.26300e+01	  5.54266e-04
  2.26400e+01	  4.80671e-04
  2.26500e+01	 -1.88392e-04
  2.26600e+01	 -9.98595e-04
  2.26700e+01	 -1.75435e-03
  2.26800e+01	 -2.02576e-03
  2.26900e+01	 -1.31197e-03
  2.27000e+01	 -8.75588e-04
  2.27100e+01	 -1.50440e-03
  2.27200e+01	 -2.92293e-03
  2.27300e+01	 -5.49386e-03
  2.27400e+01	 -8.25710e-03
  2.27500e+01	 -9.27194e-03
  2.27600e+01	 -9.80505e-03
  2.27700e+01	 -1.11612e-02
  2.27800e+01	 -1.18142e-02
  2.27900e+01	 -1.14415e-02
  2.28000e+01	 -1.07792e-02
  2.28100e+01	 -9.82928e-03
  2.28200e+01	 -7.94042e-03
  2.28300e+01	 -5.42660e-03
  2.28400e+01	 -4.60871e-03
  2.28500e+01	 -5.33982e-03
  2.28600e+01	 -6.41770e-03
  2.28700e+01	 -8.52624e-03
  2.28800e+01	 -9.55186e-03
  2.28900e+01	 -8.57770e-03
  2.29000e+01	 -7.95668e-03
  2.29100e+01	 -6.82955e-03
  2.29200e+01	 -5.13778e-03
  2.29300e+01	 -5.20806e-03
  2.29400e+01	 -5.04203e-03
  2.29500e+01	 -3.11754e-03
  2.29600e+01	 -2.11742e-03
  2.29700e+01	 -1.86401e-03
  2.29800e+01	 -1.23482e-03
  2.29900e+01	 -2.34542e-03
  2.30000e+01	 -4.41237e-03
  2.30100e+01	 -4.74919e-03
  2.30200e+01	 -3.70788e-03
  2.30300e+01	 -1.64382e-03
  2.30400e+01	  1.89576e-03
  2.30500e+01	  5.48826e-03
  2.30600e+01	  6.87206e-03
  2.30700e+01	  7.07196e-03
  2.30800e+01	  7.43186e-03
  2.30900e+01	  7.55162e-03
  2.31000e+01	  7.70232e-03
  2.31100e+01	  8.25737e-03
  2.31200e+01	  9.51868e-03
  2.31300e+01	  1.12319e-02
  2.31400e+01	  1.28676e-02
  2.31500e+01	  1.30148e-02
  2.31600e+01	  1.13889e-02
  2.31700e+01	  9.10386e-03
  2.31800e+01	  4.68855e-03
  2.31900e+01	 -4.60205e-04
  2.32000e+01	 -2.14057e-03
  2.32100e+01	 -2.21108e-03
  2.32200e+01	 -3.06705e-03
  2.32300e+01	 -2.85521e-03
  2.32400e+01	 -1.26493e-03
  2.32500e+01	  3.43957e-04
  2.32600e+01	  1.90236e-03
  2.32700e+01	  3.85853e-03
  2.32800e+01	  5.60401e-03
  2.32900e+01	  6.83520e-03
  2.33000e+01	  7.76459e-03
  2.33100e+01	  8.19840e-03
  2.33200e+01	  7.98594e-03
  2.33300e+01	  7.42151e-03
  2.33400e+01	  6.98168e-03
  2.33500e+01	  6.40101e-03
  2.33600e+01	  5.49261e-03
  2.33700e+01	  4.41129e-03
  2.33800e+01	  3.08147e-03
  2.33900e+01	  1.34586e-03
  2.34000e+01	 -4.68567e-04
  2.34100e+01	 -1.99825e-03
  2.34200e+01	 -3.91322e-03
  2.34300e+01	 -6.35283e-03
  2.34400e+01	 -8.52155e-03
  2.34500e+01	 -1.02462e-02
  2.34600e+01	 -1.10141e-02
  2.34700e+01	 -1.09072e-02
  2.34800e+01	 -1.12021e-02
  2.34900e+01	 -1.14180e-02
  2.35000e+01	 -1.07598e-02
  2.35100e+01	 -9.49998e-03
  2.35200e+01	 -7.87784e-03
  2.35300e+01	 -6.21130e-03
  2.35400e+01	 -4.25224e-03
  2.35500e+01	 -2.05617e-03
  2.35600e+01	 -1.15170e-03
  2.35700e+01	 -2.04669e-03
  2.35800e+01	 -2.72685e-03
  2.35900e+01	 -2.47813e-03
  2.36000e+01	 -2.55831e-03
  2.36100e+01	 -2.06065e-03
  2.36200e+01	  7.43502e-05
  2.36300e+01	  2.13501e-03
  2.36400e+01	  3.66963e-03
  2.36500e+01	  4.85577e-03
  2.36600e+01	  3.95092e-03
  2.36700e+01	  1.71800e-03
  2.36800e+01	 -1.27386e-04
  2.36900e+01	 -1.27473e-03
  2.37000e+01	 -4.88457e-04
  2.37100e+01	  1.18768e-03
  2.37200e+01	  2.04261e-03
  2.37300e+01	  2.93200e-03
  2.37400e+01	  3.45039e-03
  2.37500e+01	  2.07242e-03
  2.37600e+01	 -6.15159e-05
  2.37700e+01	 -6.46934e-04
  2.37800e+01	  8.05698e-05
  2.37900e+01	  4.95734e-04
  2.38000e+01	  3.46490e-04
  2.38100e+01	 -9.44956e-06
  2.38200e+01	 -7.84687e-04
  2.38300e+01	 -1.94206e-03
  2.38400e+01	 -3.25239e-03
  2.38500e+01	 -4.21329e-03
  2.38600e+01	 -4.48865e-03
  2.38700e+01	 -4.08153e-03
  2.38800e+01	 -3.08010e-03
  2.38900e+01	 -2.18085e-03
  2.39000e+01	 -1.41842e-03
  2.39100e+01	 -6.76104e-04
  2.39200e+01	 -2.02418e-03
  2.39300e+01	 -4.83482e-03
  2.39400e+01	 -5.79919e-03
  2.39500e+01	 -6.18207e-03
  2.39600e+01	 -5.35812e-03
  2.39700e+01	 -1.40971e-03
  2.39800e+01	  2.97234e-03
  2.39900e+01	  7.06595e-03
  2.40000e+01	  8.39297e-03
  2.40100e+01	  5.19680e-03
  2.40200e+01	  2.74467e-03
  2.40300e+01	  1.67030e-03
  2.40400e+01	 -3.65452e-04
  2.40500e+01	 -1.68685e-03
  2.40600e+01	 -2.34416e-03
  2.40700e+01	 -2.54652e-03
  2.40800e+01	 -1.84741e-03
  2.40900e+01	 -1.27333e-03
  2.41000e+01	 -3.71627e-04
  2.41100e+01	  1.00383e-03
  2.41200e+01	  1.55511e-03
  2.41300e+01	  1.47159e-03
  2.41400e+01	  2.07683e-03
  2.41500e+01	  3.84029e-03
  2.41600e+01	  5.67413e-03
  2.41700e+01	  6.94473e-03
  2.41800e+01	  7.95531e-03
  2.41900e+01	  8.21408e-03
  2.42000e+01	  7.96996e-03
  2.42100e+01	  8.41709e-03
  2.42200e+01	  9.28384e-03
  2.42300e+01	  9.51929e-03
  2.42400e+01	  8.57285e-03
  2.42500e+01	  6.48055e-03
  2.42600e+01	  4.87474e-03
  2.42700e+01	  4.14218e-03
  2.42800e+01	  3.09378e-03
  2.42900e+01	  2.28180e-03
  2.43000e+01	  1.64070e-03
  2.43100e+01	  1.06786e-05
  2.43200e+01	 -1.98830e-03
  2.43300e+01	 -3.38739e-03
  2.43400e+01	 -4.79681e-03
  2.43500e+01	 -6.60359e-03
  2.43600e+01	 -8.42601e-03
  2.43700e+01	 -1.00589e-02
  2.43800e+01	 -1.15795e-02
  2.43900e+01	 -1.29791e-02
  2.44000e+01	 -1.24905e-02
  2.44100e+01	 -1.00630e-02
  2.44200e+01	 -8.56338e-03
  2.44300e+01	 -6.61015e-03
  2.44400e+01	 -3.33908e-03
  2.44500e+01	 -1.91129e-03
  2.44600e+01	 -1.67771e-03
  2.44700e+01	 -2.31828e-03
  2.44800e+01	 -4.68365e-03
  2.44900e+01	 -7.41151e-03
  2.45000e+01	 -1.01642e-02
  2.45100e+01	 -1.16569e-02
  2.45200e+01	 -1.12713e-02
  2.45300e+01	 -1.08615e-02
  2.45400e+01	 -1.09433e-02
  2.45500e+01	 -1.04111e-02
  2.45600e+01	 -9.58111e-03
  2.45700e+01	 -9.21132e-03
  2.45800e+01	 -8.16439e-03
  2.45900e+01	 -6.24138e-03
  2.46000e+01	 -4.63302e-03
  2.46100e+01	 -4.56647e-03
  2.46200e+01	 -6.02351e-03
  2.46300e+01	 -6.86021e-03
  2.46400e+01	 -6.36762e-03
  2.46500e+01	 -4.81816e-03
  2.46600e+01	 -2.81341e-03
  2.46700e+01	 -7.02806e-04
  2.46800e+01	  2.30580e-03
  2.46900e+01	  3.15964e-03
  2.47000e+01	  1.00454e-03
  2.47100e+01	  3.69348e-04
  2.47200e+01	  2.45842e-04
  2.47300e+01	 -1.45201e-03
  2.47400e+01	 -2.07837e-03
  2.47500e+01	 -1.34105e-03
  2.47600e+01	 -4.82565e-04
  2.47700e+01	  3.70903e-04
  2.47800e+01	  8.81926e-04
  2.47900e+01	  1.09410e-03
  2.48000e+01	  6.32859e-04
  2.48100e+01	 -4.06338e-04
  2.48200e+01	 -1.31337e-03
  2.48300e+01	 -2.31644e-03
  2.48400e+01	 -3.09031e-03
  2.48500e+01	 -3.54437e-03
  2.48600e+01	 -3.99285e-03
  2.48700e+01	 -4.02089e-03
  2.48800e+01	 -4.44544e-03
  2.48900e+01	 -6.64891e-03
  2.49000e+01	 -9.26383e-03
  2.49100e+01	 -1.12704e-02
  2.49200e+01	 -1.10520e-02
  2.49300e+01	 -6.21276e-03
  2.49400e+01	 -1.59205e-03
  2.49500e+01	  1.50805e-03
  2.49600e+01	  6.62924e-03
  2.49700e+01	  8.88131e-03
  2.49800e+01	  7.48361e-03
  2.49900e+01	  7.61050e-03
  2.50000e+01	  7.31362e-03
  2.50100e+01	  4.84385e-03
  2.50200e+01	  1.89019e-03
  2.50300e+01	 -1.86183e-03
  2.50400e+01	 -2.14891e-03
  2.50500e+01	  2.81169e-03
  2.50600e+01	  5.52932e-03
  2.50700e+01	  7.43103e-03
  2.50800e+01	  1.22714e-02
  2.50900e+01	  1.38652e-02
  2.51000e+01	  1.21319e-02
  2.51100e+01	  1.18879e-02
  2.51200e+01	  1.26949e-02
  2.51300e+01	  1.44283e-02
  2.51400e+01	  1.63498e-02
  2.51500e+01	  1.71625e-02
  2.51600e+01	  1.69601e-02
  2.51700e+01	  1.47931e-02
  2.51800e+01	  1.23531e-02
  2.51900e+01	  1.01360e-02
  2.52000e+01	  6.87384e-03
  2.52100e+01	  4.69645e-03
  2.52200e+01	  3.36704e-03
  2.52300e+01	  1.83743e-03
  2.52400e+01	  1.53565e-03
  2.52500e+01	  2.37656e-03
  2.52600e+01	  2.61931e-03
  2.52700e+01	  2.75150e-03
  2.52800e+01	  3.11009e-03
  2.52900e+01	  1.52029e-03
  2.53000e+01	 -1.31424e-03
  2.53100e+01	 -2.57572e-03
  2.53200e+01	 -2.80244e-03
  2.53300e+01	 -3.01299e-03
  2.53400e+01	 -2.76865e-03
  2.53500e+01	 -1.46509e-03
  2.53600e+01	  5.99287e-04
  2.53700e+01	  2.37260e-03
  2.53800e+01	  4.21813e-03
  2.53900e+01	  6.44551e-03
  2.54000e+01	  8.59771e-03
  2.54100e+01	  1.06918e-02
  2.54200e+01	  1.18439e-02
  2.54300e+01	  1.09244e-02
  2.54400e+01	  9.07393e-03
  2.54500e+01	  7.86397e-03
  2.54600e+01	  6.32321e-03
  2.54700e+01	  3.34402e-03
  2.54800e+01	  2.16269e-04
  2.54900e+01	 -2.60060e-03
  2.55000e+01	 -5.20502e-03
  2.55100e+01	 -6.54839e-03
  2.55200e+01	 -6.95973e-03
  2.55300e+01	 -6.25043e-03
  2.55400e+01	 -4.56386e-03
  2.55500e+01	 -3.33591e-03
  2.55600e+01	 -1.23789e-03
  2.55700e+01	  2.05668e-03
  2.55800e+01	  4.27638e-03
  2.55900e+01	  5.12650e-03
  2.56000e+01	  4.63143e-03
  2.56100e+01	  2.98828e-03
  2.56200e+01	  1.93804e-03
  2.56300e+01	  9.91405e-04
  2.56400e+01	 -4.23905e-04
  2.56500e+01	 -1.78411e-04
  2.56600e+01	  1.01129e-03
  2.56700e+01	  1.13167e-03
  2.56800e+01	  1.45501e-03
  2.56900e+01	  1.59141e-03
  2.57000e+01	  6.02782e-04
  2.57100e+01	 -5.70018e-05
  2.57200e+01	 -1.63186e-03
  2.57300e+01	 -4.29137e-03
  2.57400e+01	 -5.29733e-03
  2.57500e+01	 -5.82110e-03
  2.57600e+01	 -7.07360e-03
  2.57700e+01	 -7.35063e-03
  2.57800e+01	 -6.94446e-03
  2.57900e+01	 -6.15749e-03
  2.58000e+01	 -4.41707e-03
  2.58100e+01	 -3.06484e-03
  2.58200e+01	 -2.20950e-03
  2.58300e+01	 -1.16789e-03
  2.58400e+01	 -6.64949e-04
  2.58500e+01	 -6.47962e-04
  2.58600e+01	 -4.75021e-04
  2.58700e+01	  9.80116e-05
  2.58800e+01	  4.80047e-04
  2.58900e+01	  4.27249e-04
  2.59000e+01	 -4.54141e-04
  2.59100e+01	 -2.84829e-03
  2.59200e+01	 -4.87761e-03
  2.59300e+01	 -6.16427e-03
  2.59400e+01	 -7.84787e-03
  2.59500e+01	 -8.41322e-03
  2.59600e+01	 -8.15232e-03
  2.59700e+01	 -8.47715e-03
  2.59800e+01	 -8.53981e-03
  2.59900e+01	 -8.33923e-03
  2.60000e+01	 -8.34264e-03
  2.60100e+01	 -7.34774e-03
  2.60200e+01	 -5.28345e-03
  2.60300e+01	 -3.89390e-03
  2.60400e+01	 -2.84039e-03
  2.60500e+01	 -8.83597e-04
  2.60600e+01	  5.45101e-04
  2.60700e+01	  3.15839e-04
  2.60800e+01	 -3.64650e-05
  2.60900e+01	 -1.06481e-05
  2.61000e+01	 -3.43016e-04
  2.61100e+01	  1.08356e-04
  2.61200e+01	  1.63872e-03
  2.61300e+01	  2.29606e-03
  2.61400e+01	  2.46938e-03
  2.61500e+01	  2.51779e-03
  2.61600e+01	  8.51242e-04
  2.61700e+01	 -1.62679e-03
  2.61800e+01	 -4.46594e-03
  2.61900e+01	 -7.32524e-03
  2.62000e+01	 -8.24660e-03
  2.62100e+01	 -7.38439e-03
  2.62200e+01	 -5.82378e-03
  2.62300e+01	 -4.65123e-03
  2.62400e+01	 -3.58737e-03
  2.62500e+01	 -1.53545e-03
  2.62600e+01	  9.43698e-05
  2.62700e+01	 -1.62089e-04
  2.62800e+01	 -7.08433e-04
  2.62900e+01	 -4.64281e-04
  2.63000e+01	 -2.92243e-04
  2.63100e+01	  7.44089e-04
  2.63200e+01	  2.36466e-03
  2.63300e+01	  3.39547e-03
  2.63400e+01	  5.05227e-03
  2.63500e+01	  6.44564e-03
  2.63600e+01	  6.57452e-03
  2.63700e+01	  6.73826e-03
  2.63800e+01	  6.84821e-03
  2.63900e+01	  6.71763e-03
  2.64000e+01	  6.68122e-03
  2.64100e+01	  6.63967e-03
  2.64200e+01	  6.18909e-03
  2.64300e+01	  4.88966e-03
  2.64400e+01	  3.58188e-03
  2.64500e+01	  2.71241e-03
  2.64600e+01	  1.76516e-03
  2.64700e+01	  1.09125e-03
  2.64800e+01	  1.23838e-04
  2.64900e+01	 -1.86059e-03
  2.65000e+01	 -3.55831e-03
  2.65100e+01	 -4.22085e-03
  2.65200e+01	 -4.28003e-03
  2.65300e+01	 -3.58762e-03
  2.65400e+01	 -2.47420e-03
  2.65500e+01	 -1.56318e-03
  2.65600e+01	 -5.56126e-04
  2.65700e+01	  1.98024e-04
  2.65800e+01	  5.07626e-04
  2.65900e+01	  6.79868e-04
  2.66000e+01	  6.69995e-04
  2.66100e+01	  1.48288e-03
  2.66200e+01	  3.43176e-03
  2.66300e+01	  4.63532e-03
  2.66400e+01	  4.17188e-03
  2.66500e+01	  3.44174e-03
  2.66600e+01	  2.75203e-03
  2.66700e+01	  1.05157e-03
  2.66800e+01	 -1.32301e-04
  2.66900e+01	  2.76874e-05
  2.67000e+01	 -8.65583e-05
  2.67100e+01	 -2.29601e-04
  2.67200e+01	 -1.10569e-04
  2.67300e+01	 -1.35267e-04
  2.67400e+01	 -9.65313e-05
  2.67500e+01	  1.07755e-05
  2.67600e+01	  3.63213e-04
  2.67700e+01	  1.04475e-03
  2.67800e+01	  1.65758e-03
  2.67900e+01	  1.73677e-03
  2.68000e+01	  1.56812e-03
  2.68100e+01	  1.68095e-03
  2.68200e+01	  2.13298e-03
  2.68300e+01	  3.08704e-03
  2.68400e+01	  3.96226e-03
  2.68500e+01	  4.22110e-03
  2.68600e+01	  4.47217e-03
  2.68700e+01	  4.36428e-03
  2.68800e+01	  3.59775e-03
  2.68900e+01	  3.02921e-03
  2.69000e+01	  2.35384e-03
  2.69100e+01	  1.53183e-03
  2.69200e+01	  1.37320e-03
  2.69300e+01	  1.79119e-03
  2.69400e+01	  2.23096e-03
  2.69500e+01	  2.36042e-03
  2.69600e+01	  2.50208e-03
  2.69700e+01	  2.79201e-03
  2.69800e+01	  3.17986e-03
  2.69900e+01	  3.74494e-03
  2.70000e+01	  4.16915e-03
  2.70100e+01	  4.54471e-03
  2.70200e+01	  5.13662e-03
  2.70300e+01	  5.45388e-03
  2.70400e+01	  5.20599e-03
  2.70500e+01	  4.79925e-03
  2.70600e+01	  4.45514e-03
  2.70700e+01	  3.95537e-03
  2.70800e+01	  3.23057e-03
  2.70900e+01	  2.57696e-03
  2.71000e+01	  2.03608e-03
  2.71100e+01	  1.24512e-03
  2.71200e+01	  4.00448e-04
  2.71300e+01	 -5.63151e-05
  2.71400e+01	 -5.08953e-04
  2.71500e+01	 -1.05370e-03
  2.71600e+01	 -1.33885e-03
  2.71700e+01	 -1.52088e-03
  2.71800e+01	 -1.62173e-03
  2.71900e+01	 -1.58607e-03
  2.72000e+01	 -1.62555e-03
  2.72100e+01	 -1.74982e-03
  2.72200e+01	 -1.85660e-03
  2.72300e+01	 -2.01479e-03
  2.72400e+01	 -2.07742e-03
  2.72500e+01	 -1.85132e-03
  2.72600e+01	 -1.60770e-03
  2.72700e+01	 -1.49261e-03
  2.72800e+01	 -1.50287e-03
  2.72900e+01	 -1.73000e-03
  2.73000e+01	 -1.96663e-03
  2.73100e+01	 -2.07945e-03
  2.73200e+01	 -2.07391e-03
  2.73300e+01	 -1.94164e-03
  2.73400e+01	 -1.77133e-03
  2.73500e+01	 -1.53966e-03
  2.73600e+01	 -1.35724e-03
  2.73700e+01	 -1.32204e-03
  2.73800e+01	 -1.27058e-03
  2.73900e+01	 -1.15086e-03
  2.74000e+01	 -1.03078e-03
  2.74100e+01	 -9.35635e-04
  2.74200e+01	 -8.68449e-04
  2.74300e+01	 -8.67883e-04
  2.74400e+01	 -9.45494e-04
  2.74500e+01	 -9.97370e-04
  2.74600e+01	 -9.94223e-04
  2.74700e+01	 -1.04034e-03
  2.74800e+01	 -1.11113e-03
  2.74900e+01	 -1.05502e-03
  2.75000e+01	 -8.78045e-04
  2.75100e+01	 -7.19039e-04
  2.75200e+01	 -5.67821e-04
  2.75300e+01	 -5.38577e-04
  2.75400e+01	 -6.98826e-04
  2.75500e+01	 -7.37234e-04
  2.75600e+01	 -6.65289e-04
  2.75700e+01	 -6.81762e-04
  2.75800e+01	 -7.12003e-04
  2.75900e+01	 -7.13841e-04
  2.76000e+01	 -7.12543e-04
  2.76100e+01	 -7.24191e-04
  2.76200e+01	 -7.66664e-04
  2.76300e+01	 -8.08037e-04
  2.76400e+01	 -8.27255e-04
  2.76500e+01	 -8.37186e-04
  2.76600e+01	 -8.28068e-04
  2.76700e+01	 -8.09487e-04
  2.76800e+01	 -8.15621e-04
  2.76900e+01	 -8.35458e-04
  2.77000e+01	 -8.34159e-04
  2.77100e+01	 -8.13813e-04
  2.77200e+01	 -7.76460e-04
  2.77300e+01	 -7.17094e-04
  2.77400e+01	 -6.41391e-04
  2.77500e+01	 -5.99539e-04
  2.77600e+01	 -6.23578e-04
  2.77700e+01	 -6.44740e-04
  2.77800e+01	 -6.38931e-04
  2.77900e+01	 -6.36645e-04
  2.78000e+01	 -6.38310e-04
  2.78100e+01	 -6.38320e-04
  2.78200e+01	 -6.24958e-04
  2.78300e+01	 -6.00334e-04
  2.78400e+01	 -5.79979e-04
  2.78500e+01	 -5.55554e-04
  2.78600e+01	 -5.12364e-04
  2.78700e+01	 -4.51786e-04
  2.78800e+01	 -3.85882e-04
  2.78900e+01	 -3.28059e-04
  2.79000e+01	 -2.80180e-04
  2.79100e+01	 -2.38760e-04
  2.79200e+01	 -2.04157e-04
  2.79300e+01	 -1.75340e-04
  2.79400e+01	 -1.49558e-04
  2.79500e+01	 -1.25701e-04
  2.79600e+01	 -1.02959e-04
  2.79700e+01	 -8.06853e-05
  2.79800e+01	 -5.83664e-05
  2.79900e+01	 -3.54493e-05
  2.80000e+01	 -1.09663e-05
