  1.00000e-02	 -1.08788e-03
  2.00000e-02	 -1.07225e-03
  3.00000e-02	 -1.06844e-03
  4.00000e-02	 -1.05564e-03
  5.00000e-02	 -1.05163e-03
  6.00000e-02	 -1.03393e-03
  7.00000e-02	 -1.02112e-03
  8.00000e-02	 -9.98138e-04
  9.00000e-02	 -9.95392e-04
  1.00000e-01	 -9.95755e-04
  1.10000e-01	 -1.01491e-03
  1.20000e-01	 -1.03218e-03
  1.30000e-01	 -1.06779e-03
  1.40000e-01	 -1.09138e-03
  1.50000e-01	 -1.11662e-03
  1.60000e-01	 -1.13319e-03
  1.70000e-01	 -1.16434e-03
  1.80000e-01	 -1.19208e-03
  1.90000e-01	 -1.22966e-03
  2.00000e-01	 -1.22683e-03
  2.10000e-01	 -1.17463e-03
  2.20000e-01	 -1.07497e-03
  2.30000e-01	 -9.74878e-04
  2.40000e-01	 -9.84793e-04
  2.50000e-01	 -1.16248e-03
  2.60000e-01	 -1.40223e-03
  2.70000e-01	 -1.66216e-03
  2.80000e-01	 -1.92052e-03
  2.90000e-01	 -2.04902e-03
  3.00000e-01	 -1.97191e-03
  3.10000e-01	 -1.82439e-03
  3.20000e-01	 -1.67104e-03
  3.30000e-01	 -1.52570e-03
  3.40000e-01	 -1.35425e-03
  3.50000e-01	 -1.20869e-03
  3.60000e-01	 -1.08678e-03
  3.70000e-01	 -9.71032e-04
  3.80000e-01	 -8.62476e-04
  3.90000e-01	 -9.72888e-04
  4.00000e-01	 -1.32267e-03
  4.10000e-01	 -1.74920e-03
  4.20000e-01	 -2.15935e-03
  4.30000e-01	 -2.52029e-03
  4.40000e-01	 -2.68127e-03
  4.50000e-01	 -2.63931e-03
  4.60000e-01	 -2.55656e-03
  4.70000e-01	 -2.49227e-03
  4.80000e-01	 -2.42250e-03
  4.90000e-01	 -2.30175e-03
  5.00000e-01	 -2.11510e-03
  5.10000e-01	 -1.63811e-03
  5.20000e-01	 -1.59448e-03
  5.30000e-01	 -2.37780e-03
  5.40000e-01	 -2.91457e-03
  5.50000e-01	 -2.38512e-03
  5.60000e-01	 -1.79276e-03
  5.70000e-01	 -1.89004e-03
  5.80000e-01	 -2.29347e-03
  5.90000e-01	 -2.18331e-03
  6.00000e-01	 -1.47708e-03
  6.10000e-01	 -8.28381e-04
  6.20000e-01	 -1.57545e-03
  6.30000e-01	 -2.50312e-03
  6.40000e-01	 -6.75830e-04
  6.50000e-01	  3.47414e-03
  6.60000e-01	  4.65373e-03
  6.70000e-01	  7.62624e-04
  6.80000e-01	 -5.61288e-03
  6.90000e-01	 -9.41628e-03
  7.00000e-01	 -7.86461e-03
  7.10000e-01	 -3.59854e-03
  7.20000e-01	 -7.50341e-04
  7.30000e-01	 -1.81604e-03
  7.40000e-01	 -4.01389e-03
  7.50000e-01	 -4.39551e-03
  7.60000e-01	 -3.95801e-03
  7.70000e-01	 -4.13168e-03
  7.80000e-01	 -5.37994e-03
  7.90000e-01	 -4.93888e-03
  8.00000e-01	  7.35614e-04
  8.10000e-01	  9.60141e-03
  8.20000e-01	 -8.04322e-04
  8.30000e-01	 -1.57938e-02
  8.40000e-01	 -1.16858e-02
  8.50000e-01	  3.40474e-03
  8.60000e-01	  1.04031e-02
  8.70000e-01	 -1.12610e-03
  8.80000e-01	 -1.87444e-02
  8.90000e-01	 -1.69816e-02
  9.00000e-01	  5.16891e-03
  9.10000e-01	  1.46247e-02
  9.20000e-01	  2.80060e-03
  9.30000e-01	 -9.95794e-03
  9.40000e-01	 -4.41875e-03
  9.50000e-01	  1.31492e-02
  9.60000e-01	  1.28377e-02
  9.70000e-01	 -9.96379e-03
  9.80000e-01	 -2.02197e-02
  9.90000e-01	 -3.99664e-03
  1.00000e+00	  1.25617e-02
  1.01000e+00	  4.25181e-03
  1.02000e+00	 -2.02430e-02
  1.03000e+00	 -3.93915e-02
  1.04000e+00	 -2.49612e-02
  1.05000e+00	  1.64610e-02
  1.06000e+00	  3.11748e-02
  1.07000e+00	  4.73788e-03
  1.08000e+00	 -1.66725e-02
  1.09000e+00	 -8.43671e-03
  1.10000e+00	  1.20084e-02
  1.11000e+00	  1.69756e-02
  1.12000e+00	  4.73994e-03
  1.13000e+00	 -9.23588e-03
  1.14000e+00	 -1.14552e-02
  1.15000e+00	  1.30689e-03
  1.16000e+00	  9.40317e-03
  1.17000e+00	 -1.01834e-03
  1.18000e+00	 -9.30689e-03
  1.19000e+00	 -4.48828e-03
  1.20000e+00	 -7.06849e-04
  1.21000e+00	 -5.32653e-03
  1.22000e+00	 -1.00604e-02
  1.23000e+00	 -9.83940e-03
  1.24000e+00	 -2.50580e-03
  1.25000e+00	  1.21760e-02
  1.26000e+00	  1.58218e-02
  1.27000e+00	 -6.79454e-03
  1.28000e+00	 -2.31339e-02
  1.29000e+00	 -9.77473e-03
  1.30000e+00	  1.71909e-02
  1.31000e+00	  2.28094e-02
  1.32000e+00	  2.00950e-03
  1.33000e+00	 -2.28712e-02
  1.34000e+00	 -2.45134e-02
  1.35000e+00	 -4.43671e-03
  1.36000e+00	  1.13853e-02
  1.37000e+00	  8.04776e-03
  1.38000e+00	 -6.27535e-03
  1.39000e+00	 -1.03559e-02
  1.40000e+00	  8.78770e-04
  1.41000e+00	  7.24901e-03
  1.42000e+00	 -1.01571e-03
  1.43000e+00	 -5.69751e-03
  1.44000e+00	  2.76080e-03
  1.45000e+00	  1.27386e-02
  1.46000e+00	  1.54624e-02
  1.47000e+00	  7.96243e-03
  1.48000e+00	 -6.62126e-03
  1.49000e+00	 -2.06794e-02
  1.50000e+00	 -1.54151e-02
  1.51000e+00	  7.48431e-04
  1.52000e+00	 -3.56177e-03
  1.53000e+00	 -1.60706e-02
  1.54000e+00	 -1.51829e-02
  1.55000e+00	 -4.29161e-03
  1.56000e+00	  5.76386e-03
  1.57000e+00	  1.19935e-02
  1.58000e+00	  1.40873e-02
  1.59000e+00	  7.05606e-03
  1.60000e+00	  1.79601e-03
  1.61000e+00	  7.47288e-03
  1.62000e+00	  1.43234e-02
  1.63000e+00	  8.91172e-03
  1.64000e+00	 -5.12489e-03
  1.65000e+00	 -4.71494e-03
  1.66000e+00	  1.24512e-02
  1.67000e+00	  2.08059e-02
  1.68000e+00	  1.17602e-02
  1.69000e+00	 -1.70767e-03
  1.70000e+00	 -1.38374e-02
  1.71000e+00	 -6.60102e-03
  1.72000e+00	  1.32096e-02
  1.73000e+00	  9.36023e-03
  1.74000e+00	 -3.02549e-03
  1.75000e+00	  1.15873e-02
  1.76000e+00	  3.67463e-02
  1.77000e+00	  3.68854e-02
  1.78000e+00	  1.40696e-02
  1.79000e+00	 -8.94611e-03
  1.80000e+00	 -8.17643e-03
  1.81000e+00	  1.36680e-02
  1.82000e+00	  1.72704e-02
  1.83000e+00	 -4.30793e-03
  1.84000e+00	 -1.26723e-02
  1.85000e+00	 -2.84415e-03
  1.86000e+00	  4.59787e-03
  1.87000e+00	  4.40567e-03
  1.88000e+00	  2.25266e-03
  1.89000e+00	  2.65746e-03
  1.90000e+00	  3.35431e-03
  1.91000e+00	  2.78138e-03
  1.92000e+00	  4.92207e-03
  1.93000e+00	  9.40630e-03
  1.94000e+00	  7.97083e-03
  1.95000e+00	  6.52977e-03
  1.96000e+00	  1.24042e-02
  1.97000e+00	  1.57601e-02
  1.98000e+00	  5.21556e-03
  1.99000e+00	 -1.69519e-03
  2.00000e+00	  3.09088e-04
  2.01000e+00	 -2.91071e-03
  2.02000e+00	  1.72254e-04
  2.03000e+00	  6.81122e-03
  2.04000e+00	  1.15427e-02
  2.05000e+00	  1.77222e-02
  2.06000e+00	  1.81734e-02
  2.07000e+00	  1.06754e-02
  2.08000e+00	  5.55539e-04
  2.09000e+00	 -1.87384e-03
  2.10000e+00	  5.17696e-03
  2.11000e+00	  1.49648e-02
  2.12000e+00	  2.05070e-02
  2.13000e+00	  1.46073e-02
  2.14000e+00	  3.74967e-04
  2.15000e+00	 -2.81840e-03
  2.16000e+00	  6.20435e-03
  2.17000e+00	  7.21662e-03
  2.18000e+00	  2.29370e-04
  2.19000e+00	 -1.66378e-03
  2.20000e+00	 -1.93349e-03
  2.21000e+00	 -6.29680e-03
  2.22000e+00	 -3.11242e-03
  2.23000e+00	  7.41548e-03
  2.24000e+00	  1.09301e-02
  2.25000e+00	  4.60109e-03
  2.26000e+00	 -3.99618e-03
  2.27000e+00	 -6.12552e-03
  2.28000e+00	 -3.23660e-03
  2.29000e+00	 -1.98495e-04
  2.30000e+00	  9.59372e-04
  2.31000e+00	  1.77008e-03
  2.32000e+00	  2.83470e-03
  2.33000e+00	  3.28922e-03
  2.34000e+00	  1.01422e-03
  2.35000e+00	 -1.34282e-03
  2.36000e+00	  4.08213e-03
  2.37000e+00	  1.69022e-02
  2.38000e+00	  1.54300e-02
  2.39000e+00	  2.01679e-03
  2.40000e+00	 -7.45300e-03
  2.41000e+00	 -8.74588e-03
  2.42000e+00	 -5.64897e-03
  2.43000e+00	 -2.78146e-03
  2.44000e+00	 -2.92032e-04
  2.45000e+00	  3.93048e-03
  2.46000e+00	  7.54918e-03
  2.47000e+00	  8.60611e-03
  2.48000e+00	  8.57898e-03
  2.49000e+00	  8.94724e-03
  2.50000e+00	  9.63677e-03
  2.51000e+00	  6.98866e-03
  2.52000e+00	 -5.67759e-05
  2.53000e+00	 -7.07377e-03
  2.54000e+00	 -9.01325e-03
  2.55000e+00	 -6.02887e-03
  2.56000e+00	 -6.68217e-04
  2.57000e+00	  6.65734e-03
  2.58000e+00	  1.36133e-02
  2.59000e+00	  1.27271e-02
  2.60000e+00	  3.86041e-03
  2.61000e+00	  1.26775e-02
  2.62000e+00	  1.25566e-02
  2.63000e+00	  5.71879e-04
  2.64000e+00	 -8.49654e-04
  2.65000e+00	 -9.21490e-03
  2.66000e+00	 -2.10441e-02
  2.67000e+00	 -1.35217e-02
  2.68000e+00	  1.16938e-02
  2.69000e+00	  2.96018e-02
  2.70000e+00	  9.50175e-03
  2.71000e+00	 -1.33823e-02
  2.72000e+00	 -5.83673e-03
  2.73000e+00	  1.20017e-02
  2.74000e+00	  2.26453e-02
  2.75000e+00	  1.77471e-02
  2.76000e+00	 -1.44791e-03
  2.77000e+00	 -1.44132e-02
  2.78000e+00	 -2.37582e-03
  2.79000e+00	  6.99313e-03
  2.80000e+00	 -6.18462e-03
  2.81000e+00	 -1.92087e-02
  2.82000e+00	 -6.63896e-03
  2.83000e+00	  2.15706e-02
  2.84000e+00	  4.70979e-02
  2.85000e+00	  4.05660e-02
  2.86000e+00	  1.53111e-02
  2.87000e+00	  1.02118e-02
  2.88000e+00	  2.03139e-02
  2.89000e+00	  2.74065e-03
  2.90000e+00	 -1.93684e-02
  2.91000e+00	 -1.41296e-02
  2.92000e+00	 -9.87710e-05
  2.93000e+00	 -5.94254e-03
  2.94000e+00	 -3.08921e-02
  2.95000e+00	 -4.59896e-02
  2.96000e+00	 -3.05199e-02
  2.97000e+00	  2.85453e-03
  2.98000e+00	  7.28144e-03
  2.99000e+00	 -2.41246e-02
  3.00000e+00	 -6.14005e-02
  3.01000e+00	 -8.97565e-02
  3.02000e+00	 -1.00016e-01
  3.03000e+00	 -8.56098e-02
  3.04000e+00	 -6.65092e-02
  3.05000e+00	 -6.78987e-02
  3.06000e+00	 -6.54819e-02
  3.07000e+00	 -7.05467e-02
  3.08000e+00	 -1.02703e-01
  3.09000e+00	 -1.17048e-01
  3.10000e+00	 -7.52963e-02
  3.11000e+00	 -1.64847e-02
  3.12000e+00	  1.49916e-02
  3.13000e+00	  2.17041e-02
  3.14000e+00	  9.97064e-03
  3.15000e+00	 -1.02390e-02
  3.16000e+00	 -4.24790e-03
  3.17000e+00	  2.29476e-02
  3.18000e+00	  2.54686e-02
  3.19000e+00	  1.79845e-02
  3.20000e+00	  1.94824e-03
  3.21000e+00	 -1.75974e-02
  3.22000e+00	 -2.21772e-02
  3.23000e+00	 -3.39400e-02
  3.24000e+00	 -2.97408e-02
  3.25000e+00	  1.17532e-02
  3.26000e+00	  6.81925e-02
  3.27000e+00	  9.88843e-02
  3.28000e+00	  9.82508e-02
  3.29000e+00	  7.71292e-02
  3.30000e+00	  5.37730e-02
  3.31000e+00	  4.28352e-02
  3.32000e+00	  1.28811e-02
  3.33000e+00	 -3.86379e-02
  3.34000e+00	 -4.50096e-02
  3.35000e+00	  5.82005e-03
  3.36000e+00	  2.77435e-02
  3.37000e+00	  6.06995e-03
  3.38000e+00	 -1.79860e-02
  3.39000e+00	 -3.61742e-02
  3.40000e+00	 -1.26677e-02
  3.41000e+00	  5.74976e-02
  3.42000e+00	  1.25651e-01
  3.43000e+00	  1.71013e-01
  3.44000e+00	  1.77598e-01
  3.45000e+00	  1.15947e-01
  3.46000e+00	  1.01630e-02
  3.47000e+00	 -1.28132e-02
  3.48000e+00	  6.69758e-02
  3.49000e+00	  1.10138e-01
  3.50000e+00	  6.13160e-02
  3.51000e+00	 -1.73557e-02
  3.52000e+00	 -7.76147e-02
  3.53000e+00	 -1.20421e-01
  3.54000e+00	 -1.07996e-01
  3.55000e+00	 -2.40015e-02
  3.56000e+00	  3.78657e-02
  3.57000e+00	  2.90642e-02
  3.58000e+00	 -1.41789e-02
  3.59000e+00	 -5.13107e-02
  3.60000e+00	 -5.51126e-02
  3.61000e+00	 -1.98815e-02
  3.62000e+00	  1.85180e-02
  3.63000e+00	  3.45383e-02
  3.64000e+00	  2.33052e-02
  3.65000e+00	 -1.97360e-03
  3.66000e+00	 -1.18437e-02
  3.67000e+00	  1.65044e-02
  3.68000e+00	  7.02762e-02
  3.69000e+00	  1.23667e-01
  3.70000e+00	  1.59875e-01
  3.71000e+00	  1.49504e-01
  3.72000e+00	  9.97109e-02
  3.73000e+00	  4.78071e-02
  3.74000e+00	  4.45528e-02
  3.75000e+00	  9.83925e-02
  3.76000e+00	  1.52087e-01
  3.77000e+00	  1.76560e-01
  3.78000e+00	  1.48982e-01
  3.79000e+00	  8.81287e-02
  3.80000e+00	  3.88245e-02
  3.81000e+00	  1.74766e-02
  3.82000e+00	  1.22421e-02
  3.83000e+00	 -1.36528e-02
  3.84000e+00	 -6.61480e-02
  3.85000e+00	 -1.06920e-01
  3.86000e+00	 -1.14942e-01
  3.87000e+00	 -9.73480e-02
  3.88000e+00	 -9.33849e-02
  3.89000e+00	 -1.13833e-01
  3.90000e+00	 -1.08912e-01
  3.91000e+00	 -4.75052e-02
  3.92000e+00	 -9.32277e-03
  3.93000e+00	 -3.65294e-02
  3.94000e+00	 -7.67234e-02
  3.95000e+00	 -8.98620e-02
  3.96000e+00	 -9.18764e-02
  3.97000e+00	 -1.09082e-01
  3.98000e+00	 -1.24894e-01
  3.99000e+00	 -1.34399e-01
  4.00000e+00	 -1.51823e-01
  4.01000e+00	 -1.69420e-01
  4.02000e+00	 -1.46370e-01
  4.03000e+00	 -8.21846e-02
  4.04000e+00	 -1.15486e-02
  4.05000e+00	  4.84195e-02
  4.06000e+00	  7.67282e-02
  4.07000e+00	  5.27561e-02
  4.08000e+00	 -4.43079e-03
  4.09000e+00	 -6.01749e-02
  4.10000e+00	 -7.44743e-02
  4.11000e+00	 -2.18957e-02
  4.12000e+00	  2.65300e-02
  4.13000e+00	  3.81054e-02
  4.14000e+00	  6.29145e-02
  4.15000e+00	  1.18644e-01
  4.16000e+00	  1.75012e-01
  4.17000e+00	  2.07728e-01
  4.18000e+00	  2.27201e-01
  4.19000e+00	  2.43835e-01
  4.20000e+00	  2.30650e-01
  4.21000e+00	  1.80694e-01
  4.22000e+00	  1.11333e-01
  4.23000e+00	  3.89046e-02
  4.24000e+00	  1.27573e-02
  4.25000e+00	  3.87851e-02
  4.26000e+00	  5.07509e-02
  4.27000e+00	  2.34567e-02
  4.28000e+00	  3.56701e-03
  4.29000e+00	  2.06408e-02
  4.30000e+00	  5.39966e-02
  4.31000e+00	  5.06847e-02
  4.32000e+00	  2.54806e-03
  4.33000e+00	 -2.37537e-02
  4.34000e+00	 -4.43250e-03
  4.35000e+00	  2.47382e-02
  4.36000e+00	  1.32836e-02
  4.37000e+00	 -4.47613e-02
  4.38000e+00	 -9.49064e-02
  4.39000e+00	 -5.70694e-02
  4.40000e+00	  4.82017e-02
  4.41000e+00	  8.83719e-02
  4.42000e+00	  5.22346e-02
  4.43000e+00	  2.18174e-02
  4.44000e+00	  9.63024e-03
  4.45000e+00	 -1.47651e-02
  4.46000e+00	 -3.37626e-02
  4.47000e+00	 -1.36491e-02
  4.48000e+00	  5.23695e-03
  4.49000e+00	 -1.17044e-02
  4.50000e+00	 -4.22361e-02
  4.51000e+00	 -6.18015e-02
  4.52000e+00	 -4.01179e-02
  4.53000e+00	  1.38112e-02
  4.54000e+00	  6.24729e-02
  4.55000e+00	  6.75479e-02
  4.56000e+00	  3.88414e-02
  4.57000e+00	  2.06639e-02
  4.58000e+00	  3.20913e-02
  4.59000e+00	  4.63099e-02
  4.60000e+00	  2.99292e-02
  4.61000e+00	 -2.61372e-02
  4.62000e+00	 -8.80292e-02
  4.63000e+00	 -1.13949e-01
  4.64000e+00	 -1.02930e-01
  4.65000e+00	 -8.29630e-02
  4.66000e+00	 -7.71902e-02
  4.67000e+00	 -8.70917e-02
  4.68000e+00	 -9.45525e-02
  4.69000e+00	 -8.78369e-02
  4.70000e+00	 -7.49558e-02
  4.71000e+00	 -7.48420e-02
  4.72000e+00	 -8.72963e-02
  4.73000e+00	 -1.00497e-01
  4.74000e+00	 -9.75452e-02
  4.75000e+00	 -7.30563e-02
  4.76000e+00	 -4.86478e-02
  4.77000e+00	 -4.16563e-02
  4.78000e+00	 -2.70681e-02
  4.79000e+00	  1.48323e-02
  4.80000e+00	  7.11436e-02
  4.81000e+00	  1.06358e-01
  4.82000e+00	  9.49582e-02
  4.83000e+00	  3.01768e-02
  4.84000e+00	 -1.42922e-02
  4.85000e+00	 -1.99707e-03
  4.86000e+00	  2.73921e-02
  4.87000e+00	  4.63020e-02
  4.88000e+00	  5.61855e-02
  4.89000e+00	  5.51763e-02
  4.90000e+00	  3.31520e-02
  4.91000e+00	  9.30903e-05
  4.92000e+00	  3.27908e-03
  4.93000e+00	  5.85581e-02
  4.94000e+00	  1.09066e-01
  4.95000e+00	  1.15239e-01
  4.96000e+00	  7.66783e-02
  4.97000e+00	  1.62103e-02
  4.98000e+00	 -1.67149e-02
  4.99000e+00	  4.98039e-03
  5.00000e+00	  5.27693e-02
  5.01000e+00	  6.32331e-02
  5.02000e+00	  3.29535e-02
  5.03000e+00	  2.81305e-03
  5.04000e+00	 -5.53045e-04
  5.05000e+00	  2.22318e-02
  5.06000e+00	  4.06231e-02
  5.07000e+00	  2.40998e-02
  5.08000e+00	 -2.07850e-02
  5.09000e+00	 -6.45646e-02
  5.10000e+00	 -8.17806e-02
  5.11000e+00	 -7.96207e-02
  5.12000e+00	 -1.25145e-01
  5.13000e+00	 -1.91340e-01
  5.14000e+00	 -2.10823e-01
  5.15000e+00	 -1.93883e-01
  5.16000e+00	 -1.83133e-01
  5.17000e+00	 -1.89493e-01
  5.18000e+00	 -1.97708e-01
  5.19000e+00	 -1.98400e-01
  5.20000e+00	 -1.95274e-01
  5.21000e+00	 -1.93158e-01
  5.22000e+00	 -1.90133e-01
  5.23000e+00	 -1.80462e-01
  5.24000e+00	 -1.65600e-01
  5.25000e+00	 -1.56092e-01
  5.26000e+00	 -1.58400e-01
  5.27000e+00	 -1.60198e-01
  5.28000e+00	 -1.45101e-01
  5.29000e+00	 -1.21758e-01
  5.30000e+00	 -9.96233e-02
  5.31000e+00	 -7.83336e-02
  5.32000e+00	 -6.89741e-02
  5.33000e+00	 -4.85398e-02
  5.34000e+00	 -7.41313e-04
  5.35000e+00	  4.99944e-02
  5.36000e+00	  8.34011e-02
  5.37000e+00	  9.62700e-02
  5.38000e+00	  9.01061e-02
  5.39000e+00	  7.42600e-02
  5.40000e+00	  5.79693e-02
  5.41000e+00	  4.37864e-02
  5.42000e+00	  3.72094e-02
  5.43000e+00	  4.51898e-02
  5.44000e+00	  4.06089e-02
  5.45000e+00	  1.66618e-02
  5.46000e+00	  1.29229e-02
  5.47000e+00	  3.80233e-02
  5.48000e+00	  5.21561e-02
  5.49000e+00	  3.53690e-02
  5.50000e+00	  6.69123e-03
  5.51000e+00	 -8.95895e-03
  5.52000e+00	 -1.05363e-02
  5.53000e+00	 -1.18443e-02
  5.54000e+00	 -2.41394e-02
  5.55000e+00	 -4.84104e-02
  5.56000e+00	 -7.45223e-02
  5.57000e+00	 -7.64201e-02
  5.58000e+00	 -4.42240e-02
  5.59000e+00	 -2.21839e-02
  5.60000e+00	 -3.32206e-02
  5.61000e+00	 -5.78483e-02
  5.62000e+00	 -7.99949e-02
  5.63000e+00	 -9.95882e-02
  5.64000e+00	 -1.19487e-01
  5.65000e+00	 -1.07994e-01
  5.66000e+00	 -8.30816e-02
  5.67000e+00	 -8.65710e-02
  5.68000e+00	 -9.80592e-02
  5.69000e+00	 -9.93615e-02
  5.70000e+00	 -1.00814e-01
  5.71000e+00	 -1.04017e-01
  5.72000e+00	 -9.59612e-02
  5.73000e+00	 -7.72340e-02
  5.74000e+00	 -6.39201e-02
  5.75000e+00	 -6.62992e-02
  5.76000e+00	 -6.96252e-02
  5.77000e+00	 -5.44743e-02
  5.78000e+00	 -2.38360e-02
  5.79000e+00	  6.69298e-03
  5.80000e+00	  2.36865e-02
  5.81000e+00	  2.25788e-02
  5.82000e+00	  2.48988e-02
  5.83000e+00	  4.05865e-02
  5.84000e+00	  5.18612e-02
  5.85000e+00	  4.79635e-02
  5.86000e+00	  3.94764e-02
  5.87000e+00	  3.44981e-02
  5.88000e+00	  3.63244e-02
  5.89000e+00	  5.17842e-02
  5.90000e+00	  7.81119e-02
  5.91000e+00	  9.77179e-02
  5.92000e+00	  1.03241e-01
  5.93000e+00	  1.01930e-01
  5.94000e+00	  1.02772e-01
  5.95000e+00	  1.10916e-01
  5.96000e+00	  1.23721e-01
  5.97000e+00	  1.19497e-01
  5.98000e+00	  8.53315e-02
  5.99000e+00	  4.15658e-02
  6.00000e+00	  1.43946e-02
  6.01000e+00	  3.47098e-03
  6.02000e+00	  1.18635e-02
  6.03000e+00	  3.32924e-02
  6.04000e+00	  2.84523e-02
  6.05000e+00	 -3.95901e-03
  6.06000e+00	 -7.09414e-03
  6.07000e+00	  2.96553e-02
  6.08000e+00	  6.67269e-02
  6.09000e+00	  7.23564e-02
  6.10000e+00	  5.33566e-02
  6.11000e+00	  3.18562e-02
  6.12000e+00	  5.65626e-02
  6.13000e+00	  1.28077e-01
  6.14000e+00	  1.95740e-01
  6.15000e+00	  2.18986e-01
  6.16000e+00	  2.12385e-01
  6.17000e+00	  2.14158e-01
  6.18000e+00	  2.24008e-01
  6.19000e+00	  2.11804e-01
  6.20000e+00	  1.64621e-01
  6.21000e+00	  9.84877e-02
  6.22000e+00	  5.70000e-02
  6.23000e+00	  4.14597e-02
  6.24000e+00	  1.85910e-02
  6.25000e+00	 -9.35361e-03
  6.26000e+00	 -9.58355e-03
  6.27000e+00	  1.92436e-02
  6.28000e+00	  3.50533e-02
  6.29000e+00	  1.53449e-02
  6.30000e+00	 -6.51448e-04
  6.31000e+00	  1.34187e-02
  6.32000e+00	  3.83952e-02
  6.33000e+00	  5.67342e-02
  6.34000e+00	  4.81445e-02
  6.35000e+00	  2.30985e-02
  6.36000e+00	  1.33698e-02
  6.37000e+00	  1.51087e-02
  6.38000e+00	  6.75722e-03
  6.39000e+00	 -1.22675e-02
  6.40000e+00	 -3.16397e-02
  6.41000e+00	 -3.96183e-02
  6.42000e+00	 -3.87062e-02
  6.43000e+00	 -4.58449e-02
  6.44000e+00	 -6.67339e-02
  6.45000e+00	 -8.37523e-02
  6.46000e+00	 -9.22322e-02
  6.47000e+00	 -1.05658e-01
  6.48000e+00	 -1.08414e-01
  6.49000e+00	 -9.26215e-02
  6.50000e+00	 -9.29944e-02
  6.51000e+00	 -9.61805e-02
  6.52000e+00	 -6.73473e-02
  6.53000e+00	 -1.61340e-02
  6.54000e+00	  3.16816e-02
  6.55000e+00	  6.87202e-02
  6.56000e+00	  9.12377e-02
  6.57000e+00	  1.07503e-01
  6.58000e+00	  1.27996e-01
  6.59000e+00	  1.32728e-01
  6.60000e+00	  1.13888e-01
  6.61000e+00	  9.13636e-02
  6.62000e+00	  8.01610e-02
  6.63000e+00	  6.82029e-02
  6.64000e+00	  4.64629e-02
  6.65000e+00	  2.25676e-02
  6.66000e+00	  4.96559e-03
  6.67000e+00	 -8.39142e-04
  6.68000e+00	  1.70228e-04
  6.69000e+00	 -1.01308e-02
  6.70000e+00	 -3.35812e-02
  6.71000e+00	 -5.92118e-02
  6.72000e+00	 -8.14877e-02
  6.73000e+00	 -1.00670e-01
  6.74000e+00	 -9.25282e-02
  6.75000e+00	 -5.03600e-02
  6.76000e+00	  2.15988e-03
  6.77000e+00	  4.97923e-02
  6.78000e+00	  9.28508e-02
  6.79000e+00	  1.28767e-01
  6.80000e+00	  1.52002e-01
  6.81000e+00	  1.66338e-01
  6.82000e+00	  1.69768e-01
  6.83000e+00	  1.50042e-01
  6.84000e+00	  1.22186e-01
  6.85000e+00	  1.07794e-01
  6.86000e+00	  1.03858e-01
  6.87000e+00	  1.03544e-01
  6.88000e+00	  1.04560e-01
  6.89000e+00	  1.08529e-01
  6.90000e+00	  1.15473e-01
  6.91000e+00	  1.22476e-01
  6.92000e+00	  1.27918e-01
  6.93000e+00	  1.20446e-01
  6.94000e+00	  9.79914e-02
  6.95000e+00	  7.56093e-02
  6.96000e+00	  5.89792e-02
  6.97000e+00	  4.46967e-02
  6.98000e+00	  3.64097e-02
  6.99000e+00	  3.21695e-02
  7.00000e+00	  1.54178e-02
  7.01000e+00	 -1.05711e-02
  7.02000e+00	 -2.34354e-02
  7.03000e+00	 -2.08108e-02
  7.04000e+00	 -2.22939e-02
  7.05000e+00	 -4.60858e-02
  7.06000e+00	 -8.61145e-02
  7.07000e+00	 -1.20744e-01
  7.08000e+00	 -1.39972e-01
  7.09000e+00	 -1.47084e-01
  7.10000e+00	 -1.50586e-01
  7.11000e+00	 -1.48227e-01
  7.12000e+00	 -1.39610e-01
  7.13000e+00	 -1.28627e-01
  7.14000e+00	 -1.14480e-01
  7.15000e+00	 -9.25080e-02
  7.16000e+00	 -6.49840e-02
  7.17000e+00	 -3.81261e-02
  7.18000e+00	 -2.92734e-02
  7.19000e+00	 -4.32508e-02
  7.20000e+00	 -6.36528e-02
  7.21000e+00	 -5.44955e-02
  7.22000e+00	 -9.34324e-03
  7.23000e+00	  4.41853e-02
  7.24000e+00	  8.50753e-02
  7.25000e+00	  1.01690e-01
  7.26000e+00	  1.03308e-01
  7.27000e+00	  1.03992e-01
  7.28000e+00	  1.07181e-01
  7.29000e+00	  1.09764e-01
  7.30000e+00	  1.11879e-01
  7.31000e+00	  1.14154e-01
  7.32000e+00	  1.16362e-01
  7.33000e+00	  1.03052e-01
  7.34000e+00	  5.01944e-02
  7.35000e+00	 -3.21103e-02
  7.36000e+00	 -1.14529e-01
  7.37000e+00	 -1.74629e-01
  7.38000e+00	 -1.93330e-01
  7.39000e+00	 -1.95245e-01
  7.40000e+00	 -2.09574e-01
  7.41000e+00	 -2.34362e-01
  7.42000e+00	 -2.57036e-01
  7.43000e+00	 -2.71246e-01
  7.44000e+00	 -2.50999e-01
  7.45000e+00	 -1.96970e-01
  7.46000e+00	 -1.37586e-01
  7.47000e+00	 -9.55012e-02
  7.48000e+00	 -7.28721e-02
  7.49000e+00	 -5.60185e-02
  7.50000e+00	 -3.81248e-02
  7.51000e+00	 -3.67636e-02
  7.52000e+00	 -4.53479e-02
  7.53000e+00	 -2.16504e-02
  7.54000e+00	  3.53380e-02
  7.55000e+00	  7.10850e-02
  7.56000e+00	  6.19717e-02
  7.57000e+00	  3.69758e-02
  7.58000e+00	  4.17339e-02
  7.59000e+00	  6.58866e-02
  7.60000e+00	  8.23410e-02
  7.61000e+00	  1.02564e-01
  7.62000e+00	  1.33152e-01
  7.63000e+00	  1.56305e-01
  7.64000e+00	  1.62027e-01
  7.65000e+00	  1.48684e-01
  7.66000e+00	  1.17895e-01
  7.67000e+00	  8.22922e-02
  7.68000e+00	  4.82577e-02
  7.69000e+00	  2.05706e-02
  7.70000e+00	 -1.04918e-03
  7.71000e+00	 -1.05845e-02
  7.72000e+00	 -1.40973e-02
  7.73000e+00	 -2.19588e-02
  7.74000e+00	 -3.32534e-02
  7.75000e+00	 -2.87403e-02
  7.76000e+00	  1.71518e-03
  7.77000e+00	  4.38524e-02
  7.78000e+00	  8.04795e-02
  7.79000e+00	  8.82933e-02
  7.80000e+00	  7.01732e-02
  7.81000e+00	  4.97848e-02
  7.82000e+00	  4.50297e-02
  7.83000e+00	  5.31771e-02
  7.84000e+00	  4.45453e-02
  7.85000e+00	  6.36479e-03
  7.86000e+00	 -4.47343e-02
  7.87000e+00	 -8.45598e-02
  7.88000e+00	 -9.56399e-02
  7.89000e+00	 -8.68675e-02
  7.90000e+00	 -8.93905e-02
  7.91000e+00	 -1.08992e-01
  7.92000e+00	 -1.29503e-01
  7.93000e+00	 -1.26712e-01
  7.94000e+00	 -1.02974e-01
  7.95000e+00	 -7.86566e-02
  7.96000e+00	 -6.46003e-02
  7.97000e+00	 -5.69867e-02
  7.98000e+00	 -5.59517e-02
  7.99000e+00	 -6.19652e-02
  8.00000e+00	 -7.00339e-02
  8.01000e+00	 -7.71199e-02
  8.02000e+00	 -8.21108e-02
  8.03000e+00	 -8.52595e-02
  8.04000e+00	 -7.39082e-02
  8.05000e+00	 -4.60973e-02
  8.06000e+00	 -1.47743e-02
  8.07000e+00	  1.35145e-02
  8.08000e+00	  3.93261e-02
  8.09000e+00	  5.83340e-02
  8.10000e+00	  6.86917e-02
  8.11000e+00	  8.08301e-02
  8.12000e+00	  9.88117e-02
  8.13000e+00	  1.15605e-01
  8.14000e+00	  1.24564e-01
  8.15000e+00	  1.27748e-01
  8.16000e+00	  1.21163e-01
  8.17000e+00	  1.03526e-01
  8.18000e+00	  9.60335e-02
  8.19000e+00	  1.06788e-01
  8.20000e+00	  1.22970e-01
  8.21000e+00	  1.43775e-01
  8.22000e+00	  1.70809e-01
  8.23000e+00	  1.96715e-01
  8.24000e+00	  2.14940e-01
  8.25000e+00	  2.27493e-01
  8.26000e+00	  2.09117e-01
  8.27000e+00	  1.52525e-01
  8.28000e+00	  8.41010e-02
  8.29000e+00	  2.12426e-02
  8.30000e+00	 -3.68877e-02
  8.31000e+00	 -9.60665e-02
  8.32000e+00	 -1.56352e-01
  8.33000e+00	 -2.09424e-01
  8.34000e+00	 -2.35197e-01
  8.35000e+00	 -2.42207e-01
  8.36000e+00	 -2.49500e-01
  8.37000e+00	 -2.29370e-01
  8.38000e+00	 -1.71950e-01
  8.39000e+00	 -1.03836e-01
  8.40000e+00	 -4.49851e-02
  8.41000e+00	 -3.56549e-02
  8.42000e+00	 -6.65877e-02
  8.43000e+00	 -8.19147e-02
  8.44000e+00	 -8.39306e-02
  8.45000e+00	 -9.88990e-02
  8.46000e+00	 -1.24173e-01
  8.47000e+00	 -1.42497e-01
  8.48000e+00	 -1.49553e-01
  8.49000e+00	 -1.38065e-01
  8.50000e+00	 -1.11203e-01
  8.51000e+00	 -7.71963e-02
  8.52000e+00	 -3.93211e-02
  8.53000e+00	 -7.25549e-04
  8.54000e+00	  3.67250e-02
  8.55000e+00	  6.52694e-02
  8.56000e+00	  8.49458e-02
  8.57000e+00	  1.02691e-01
  8.58000e+00	  1.18211e-01
  8.59000e+00	  1.17467e-01
  8.60000e+00	  1.00251e-01
  8.61000e+00	  8.15220e-02
  8.62000e+00	  7.07957e-02
  8.63000e+00	  6.56378e-02
  8.64000e+00	  6.14052e-02
  8.65000e+00	  5.92793e-02
  8.66000e+00	  5.91583e-02
  8.67000e+00	  5.41147e-02
  8.68000e+00	  4.63958e-02
  8.69000e+00	  5.32782e-02
  8.70000e+00	  7.38698e-02
  8.71000e+00	  7.63727e-02
  8.72000e+00	  5.18184e-02
  8.73000e+00	  2.66764e-02
  8.74000e+00	  8.98960e-03
  8.75000e+00	 -1.28542e-02
  8.76000e+00	 -4.30019e-02
  8.77000e+00	 -7.47552e-02
  8.78000e+00	 -1.03121e-01
  8.79000e+00	 -1.12680e-01
  8.80000e+00	 -1.08190e-01
  8.81000e+00	 -1.05768e-01
  8.82000e+00	 -1.06860e-01
  8.83000e+00	 -9.77830e-02
  8.84000e+00	 -5.93795e-02
  8.85000e+00	  1.26117e-04
  8.86000e+00	  5.90879e-02
  8.87000e+00	  9.40186e-02
  8.88000e+00	  1.03676e-01
  8.89000e+00	  1.02492e-01
  8.90000e+00	  9.03786e-02
  8.91000e+00	  6.91020e-02
  8.92000e+00	  4.61654e-02
  8.93000e+00	  3.84150e-02
  8.94000e+00	  4.70699e-02
  8.95000e+00	  5.61268e-02
  8.96000e+00	  4.76729e-02
  8.97000e+00	  2.42161e-02
  8.98000e+00	  3.63235e-03
  8.99000e+00	 -6.71634e-03
  9.00000e+00	 -1.19421e-02
  9.01000e+00	 -1.55488e-02
  9.02000e+00	 -1.46471e-02
  9.03000e+00	 -1.00705e-02
  9.04000e+00	 -4.09157e-03
  9.05000e+00	  1.50059e-03
  9.06000e+00	  4.28692e-03
  9.07000e+00	 -3.05453e-03
  9.08000e+00	 -1.87429e-02
  9.09000e+00	 -3.50456e-02
  9.10000e+00	 -3.87211e-02
  9.11000e+00	 -2.60294e-02
  9.12000e+00	 -1.30296e-02
  9.13000e+00	 -4.40356e-02
  9.14000e+00	 -1.04764e-01
  9.15000e+00	 -1.41583e-01
  9.16000e+00	 -1.49663e-01
  9.17000e+00	 -1.51763e-01
  9.18000e+00	 -1.44807e-01
  9.19000e+00	 -1.19062e-01
  9.20000e+00	 -9.38770e-02
  9.21000e+00	 -7.12624e-02
  9.22000e+00	 -3.95549e-02
  9.23000e+00	 -1.37574e-02
  9.24000e+00	 -3.53366e-03
  9.25000e+00	  1.10731e-02
  9.26000e+00	  3.85217e-02
  9.27000e+00	  6.69277e-02
  9.28000e+00	  8.10144e-02
  9.29000e+00	  5.95466e-02
  9.30000e+00	  2.04214e-02
  9.31000e+00	  1.60938e-02
  9.32000e+00	  4.74301e-02
  9.33000e+00	  7.87860e-02
  9.34000e+00	  9.14881e-02
  9.35000e+00	  9.57071e-02
  9.36000e+00	  9.78403e-02
  9.37000e+00	  1.02352e-01
  9.38000e+00	  1.21842e-01
  9.39000e+00	  1.51808e-01
  9.40000e+00	  1.43518e-01
  9.41000e+00	  9.01651e-02
  9.42000e+00	  2.80658e-02
  9.43000e+00	 -2.32010e-02
  9.44000e+00	 -5.22542e-02
  9.45000e+00	 -5.24066e-02
  9.46000e+00	 -4.83671e-02
  9.47000e+00	 -6.11031e-02
  9.48000e+00	 -7.42011e-02
  9.49000e+00	 -6.65723e-02
  9.50000e+00	 -4.48288e-02
  9.51000e+00	 -3.18601e-02
  9.52000e+00	 -4.18796e-02
  9.53000e+00	 -6.48323e-02
  9.54000e+00	 -8.53988e-02
  9.55000e+00	 -8.41968e-02
  9.56000e+00	 -6.79914e-02
  9.57000e+00	 -5.80588e-02
  9.58000e+00	 -5.62759e-02
  9.59000e+00	 -4.99575e-02
  9.60000e+00	 -3.29083e-02
  9.61000e+00	 -1.21652e-02
  9.62000e+00	  4.51174e-03
  9.63000e+00	  8.34723e-03
  9.64000e+00	 -2.24440e-03
  9.65000e+00	 -1.83770e-02
  9.66000e+00	 -2.29333e-02
  9.67000e+00	 -2.99946e-03
  9.68000e+00	  2.98234e-02
  9.69000e+00	  3.87318e-02
  9.70000e+00	  2.34457e-02
  9.71000e+00	  1.72873e-02
  9.72000e+00	  2.80320e-02
  9.73000e+00	  4.06608e-02
  9.74000e+00	  4.19995e-02
  9.75000e+00	  3.35401e-02
  9.76000e+00	  2.24715e-02
  9.77000e+00	  1.26275e-02
  9.78000e+00	  2.88326e-03
  9.79000e+00	 -1.00840e-02
  9.80000e+00	 -2.50209e-02
  9.81000e+00	 -2.87377e-02
  9.82000e+00	 -2.04344e-02
  9.83000e+00	 -1.35902e-02
  9.84000e+00	 -1.44555e-02
  9.85000e+00	 -1.79568e-02
  9.86000e+00	 -1.94056e-02
  9.87000e+00	 -9.16023e-03
  9.88000e+00	  1.39793e-02
  9.89000e+00	  3.94415e-02
  9.90000e+00	  4.03810e-02
  9.91000e+00	  9.52947e-03
  9.92000e+00	 -4.00448e-03
  9.93000e+00	  1.96639e-02
  9.94000e+00	  5.27559e-02
  9.95000e+00	  7.04380e-02
  9.96000e+00	  6.52439e-02
  9.97000e+00	  3.21831e-02
  9.98000e+00	 -1.80411e-02
  9.99000e+00	 -5.09680e-02
  1.00000e+01	 -7.92512e-02
  1.00100e+01	 -1.05049e-01
  1.00200e+01	 -1.14260e-01
  1.00300e+01	 -1.15373e-01
  1.00400e+01	 -1.20869e-01
  1.00500e+01	 -1.02070e-01
  1.00600e+01	 -4.98241e-02
  1.00700e+01	  1.08248e-02
  1.00800e+01	  6.43690e-02
  1.00900e+01	  1.03273e-01
  1.01000e+01	  1.05625e-01
  1.01100e+01	  7.54492e-02
  1.01200e+01	  2.91692e-02
  1.01300e+01	 -2.45903e-03
  1.01400e+01	 -1.80610e-03
  1.01500e+01	  1.00632e-03
  1.01600e+01	 -2.42966e-02
  1.01700e+01	 -5.19387e-02
  1.01800e+01	 -4.57478e-02
  1.01900e+01	 -2.55578e-02
  1.02000e+01	 -1.89131e-02
  1.02100e+01	 -1.83181e-02
  1.02200e+01	 -1.83515e-02
  1.02300e+01	 -3.07722e-02
  1.02400e+01	 -5.10429e-02
  1.02500e+01	 -6.90996e-02
  1.02600e+01	 -6.60197e-02
  1.02700e+01	 -4.28323e-02
  1.02800e+01	 -2.14268e-02
  1.02900e+01	 -1.20295e-02
  1.03000e+01	 -2.45352e-02
  1.03100e+01	 -5.68771e-02
  1.03200e+01	 -7.07533e-02
  1.03300e+01	 -6.84718e-02
  1.03400e+01	 -5.35794e-02
  1.03500e+01	 -1.26348e-02
  1.03600e+01	  4.29329e-02
  1.03700e+01	  6.62887e-02
  1.03800e+01	  4.86079e-02
  1.03900e+01	  3.62542e-02
  1.04000e+01	  5.57120e-02
  1.04100e+01	  9.24831e-02
  1.04200e+01	  1.23840e-01
  1.04300e+01	  1.35177e-01
  1.04400e+01	  1.06491e-01
  1.04500e+01	  6.62441e-02
  1.04600e+01	  5.78925e-02
  1.04700e+01	  6.97490e-02
  1.04800e+01	  7.47169e-02
  1.04900e+01	  6.98283e-02
  1.05000e+01	  5.71861e-02
  1.05100e+01	  4.92583e-02
  1.05200e+01	  5.79034e-02
  1.05300e+01	  7.65100e-02
  1.05400e+01	  9.36366e-02
  1.05500e+01	  1.06002e-01
  1.05600e+01	  9.18823e-02
  1.05700e+01	  5.34713e-02
  1.05800e+01	  1.88338e-02
  1.05900e+01	 -2.45066e-02
  1.06000e+01	 -7.99969e-02
  1.06100e+01	 -1.07659e-01
  1.06200e+01	 -1.13151e-01
  1.06300e+01	 -1.07930e-01
  1.06400e+01	 -8.10498e-02
  1.06500e+01	 -5.78188e-02
  1.06600e+01	 -6.20404e-02
  1.06700e+01	 -8.74264e-02
  1.06800e+01	 -1.15893e-01
  1.06900e+01	 -1.11527e-01
  1.07000e+01	 -7.17539e-02
  1.07100e+01	 -2.86395e-02
  1.07200e+01	 -1.31582e-02
  1.07300e+01	 -1.28971e-02
  1.07400e+01	  1.85230e-03
  1.07500e+01	  3.06313e-02
  1.07600e+01	  6.05089e-02
  1.07700e+01	  8.52603e-02
  1.07800e+01	  1.05590e-01
  1.07900e+01	  1.17724e-01
  1.08000e+01	  1.23407e-01
  1.08100e+01	  1.25160e-01
  1.08200e+01	  1.23778e-01
  1.08300e+01	  1.20875e-01
  1.08400e+01	  1.18616e-01
  1.08500e+01	  1.19061e-01
  1.08600e+01	  1.22576e-01
  1.08700e+01	  1.04814e-01
  1.08800e+01	  5.37634e-02
  1.08900e+01	 -9.34956e-03
  1.09000e+01	 -3.76981e-02
  1.09100e+01	 -2.57940e-02
  1.09200e+01	 -2.15507e-02
  1.09300e+01	 -3.18750e-02
  1.09400e+01	 -2.95861e-02
  1.09500e+01	 -1.07371e-02
  1.09600e+01	  6.38407e-03
  1.09700e+01	  1.31556e-03
  1.09800e+01	 -2.12980e-02
  1.09900e+01	 -4.33882e-02
  1.10000e+01	 -4.50934e-02
  1.10100e+01	 -2.67293e-02
  1.10200e+01	 -6.99058e-03
  1.10300e+01	  2.39479e-03
  1.10400e+01	 -1.84418e-03
  1.10500e+01	 -1.29784e-02
  1.10600e+01	 -1.04150e-02
  1.10700e+01	  1.62128e-02
  1.10800e+01	  2.47340e-02
  1.10900e+01	  1.26208e-02
  1.11000e+01	  7.03780e-03
  1.11100e+01	  5.71208e-04
  1.11200e+01	 -2.09128e-02
  1.11300e+01	 -5.24879e-02
  1.11400e+01	 -7.17627e-02
  1.11500e+01	 -6.79576e-02
  1.11600e+01	 -5.33075e-02
  1.11700e+01	 -4.22787e-02
  1.11800e+01	 -3.67628e-02
  1.11900e+01	 -2.35385e-02
  1.12000e+01	  2.95975e-03
  1.12100e+01	  3.39614e-02
  1.12200e+01	  6.05648e-02
  1.12300e+01	  5.12087e-02
  1.12400e+01	 -6.14093e-03
  1.12500e+01	 -5.58970e-02
  1.12600e+01	 -5.43593e-02
  1.12700e+01	 -2.74424e-02
  1.12800e+01	 -1.59233e-02
  1.12900e+01	 -3.11414e-02
  1.13000e+01	 -5.34099e-02
  1.13100e+01	 -4.03347e-02
  1.13200e+01	  5.46494e-03
  1.13300e+01	  2.84332e-02
  1.13400e+01	 -2.96025e-04
  1.13500e+01	 -2.80493e-02
  1.13600e+01	 -3.43736e-02
  1.13700e+01	 -4.89583e-02
  1.13800e+01	 -8.31697e-02
  1.13900e+01	 -1.24433e-01
  1.14000e+01	 -1.54193e-01
  1.14100e+01	 -1.39306e-01
  1.14200e+01	 -8.83733e-02
  1.14300e+01	 -4.61076e-02
  1.14400e+01	 -2.35109e-02
  1.14500e+01	 -1.61516e-02
  1.14600e+01	 -2.76370e-02
  1.14700e+01	 -3.51834e-02
  1.14800e+01	 -1.95859e-02
  1.14900e+01	 -9.01298e-03
  1.15000e+01	 -2.79224e-02
  1.15100e+01	 -5.78703e-02
  1.15200e+01	 -6.19046e-02
  1.15300e+01	 -3.40296e-02
  1.15400e+01	  6.14383e-03
  1.15500e+01	  4.32945e-02
  1.15600e+01	  7.72197e-02
  1.15700e+01	  1.04074e-01
  1.15800e+01	  8.36662e-02
  1.15900e+01	  1.60202e-02
  1.16000e+01	 -2.78819e-02
  1.16100e+01	 -1.53860e-02
  1.16200e+01	  1.96309e-02
  1.16300e+01	  2.86944e-02
  1.16400e+01	  1.10271e-02
  1.16500e+01	 -1.41379e-02
  1.16600e+01	 -3.62169e-02
  1.16700e+01	 -2.42764e-02
  1.16800e+01	  7.02647e-03
  1.16900e+01	  1.59418e-02
  1.17000e+01	  1.89193e-02
  1.17100e+01	  1.32352e-02
  1.17200e+01	 -1.55615e-02
  1.17300e+01	 -5.77216e-02
  1.17400e+01	 -8.16126e-02
  1.17500e+01	 -7.16807e-02
  1.17600e+01	 -4.63804e-02
  1.17700e+01	 -4.60195e-02
  1.17800e+01	 -7.64317e-02
  1.17900e+01	 -1.05690e-01
  1.18000e+01	 -8.07406e-02
  1.18100e+01	 -2.13023e-02
  1.18200e+01	 -7.17847e-03
  1.18300e+01	 -3.16258e-02
  1.18400e+01	 -3.55344e-02
  1.18500e+01	 -1.15633e-02
  1.18600e+01	  1.14468e-02
  1.18700e+01	  2.27124e-02
  1.18800e+01	  3.11215e-02
  1.18900e+01	  4.40516e-02
  1.19000e+01	  5.94027e-02
  1.19100e+01	  7.35101e-02
  1.19200e+01	  8.61649e-02
  1.19300e+01	  9.86806e-02
  1.19400e+01	  1.06482e-01
  1.19500e+01	  1.07515e-01
  1.19600e+01	  1.05976e-01
  1.19700e+01	  1.02133e-01
  1.19800e+01	  8.54252e-02
  1.19900e+01	  5.32178e-02
  1.20000e+01	  1.61902e-02
  1.20100e+01	 -1.82941e-02
  1.20200e+01	 -3.55375e-02
  1.20300e+01	 -2.71117e-02
  1.20400e+01	 -1.58244e-02
  1.20500e+01	 -1.70222e-02
  1.20600e+01	 -1.57888e-02
  1.20700e+01	 -9.38908e-03
  1.20800e+01	 -9.27687e-03
  1.20900e+01	 -1.21032e-02
  1.21000e+01	 -1.42978e-02
  1.21100e+01	 -2.81689e-02
  1.21200e+01	 -5.39454e-02
  1.21300e+01	 -7.85596e-02
  1.21400e+01	 -9.12583e-02
  1.21500e+01	 -1.01037e-01
  1.21600e+01	 -9.57847e-02
  1.21700e+01	 -6.93438e-02
  1.21800e+01	 -3.35873e-02
  1.21900e+01	  2.72035e-03
  1.22000e+01	  3.74845e-02
  1.22100e+01	  6.99850e-02
  1.22200e+01	  6.58040e-02
  1.22300e+01	 -9.06485e-03
  1.22400e+01	 -7.63923e-02
  1.22500e+01	 -7.65972e-02
  1.22600e+01	 -4.04796e-02
  1.22700e+01	 -8.04667e-03
  1.22800e+01	 -1.84313e-02
  1.22900e+01	 -5.43207e-02
  1.23000e+01	 -5.22790e-02
  1.23100e+01	 -6.71929e-03
  1.23200e+01	  1.86505e-02
  1.23300e+01	  1.77158e-03
  1.23400e+01	 -1.47967e-02
  1.23500e+01	 -7.41273e-03
  1.23600e+01	  8.80713e-03
  1.23700e+01	  1.80768e-02
  1.23800e+01	  1.36546e-02
  1.23900e+01	  2.96856e-03
  1.24000e+01	  6.54634e-03
  1.24100e+01	  3.08909e-02
  1.24200e+01	  4.01688e-02
  1.24300e+01	  1.55194e-02
  1.24400e+01	 -1.42407e-02
  1.24500e+01	 -2.03441e-02
  1.24600e+01	 -4.35215e-03
  1.24700e+01	  1.60083e-02
  1.24800e+01	  2.73091e-02
  1.24900e+01	  2.96429e-02
  1.25000e+01	  3.75544e-02
  1.25100e+01	  5.55195e-02
  1.25200e+01	  7.27376e-02
  1.25300e+01	  7.91185e-02
  1.25400e+01	  7.42307e-02
  1.25500e+01	  5.69878e-02
  1.25600e+01	  3.12394e-02
  1.25700e+01	  1.89805e-02
  1.25800e+01	  1.61727e-02
  1.25900e+01	  1.34539e-02
  1.26000e+01	  1.50751e-02
  1.26100e+01	  1.49060e-02
  1.26200e+01	  2.06212e-02
  1.26300e+01	  3.95097e-02
  1.26400e+01	  6.36923e-02
  1.26500e+01	  8.50170e-02
  1.26600e+01	  1.00068e-01
  1.26700e+01	  1.07855e-01
  1.26800e+01	  1.06830e-01
  1.26900e+01	  1.05573e-01
  1.27000e+01	  9.63952e-02
  1.27100e+01	  6.46749e-02
  1.27200e+01	  1.80242e-02
  1.27300e+01	 -2.72388e-02
  1.27400e+01	 -4.64055e-02
  1.27500e+01	 -3.13456e-02
  1.27600e+01	 -2.58510e-03
  1.27700e+01	  2.27032e-02
  1.27800e+01	  3.52096e-02
  1.27900e+01	  4.95916e-02
  1.28000e+01	  8.65927e-02
  1.28100e+01	  1.39600e-01
  1.28200e+01	  1.79335e-01
  1.28300e+01	  1.81169e-01
  1.28400e+01	  1.61509e-01
  1.28500e+01	  1.57064e-01
  1.28600e+01	  1.53541e-01
  1.28700e+01	  1.28419e-01
  1.28800e+01	  9.05942e-02
  1.28900e+01	  5.47670e-02
  1.29000e+01	  2.45280e-02
  1.29100e+01	  4.44127e-03
  1.29200e+01	 -3.81768e-03
  1.29300e+01	 -7.24373e-03
  1.29400e+01	 -1.02224e-02
  1.29500e+01	 -1.31808e-02
  1.29600e+01	 -1.54873e-02
  1.29700e+01	 -1.82965e-02
  1.29800e+01	 -3.50965e-02
  1.29900e+01	 -6.78484e-02
  1.30000e+01	 -1.02579e-01
  1.30100e+01	 -1.20337e-01
  1.30200e+01	 -1.14666e-01
  1.30300e+01	 -9.46306e-02
  1.30400e+01	 -7.59287e-02
  1.30500e+01	 -7.39261e-02
  1.30600e+01	 -7.65425e-02
  1.30700e+01	 -6.88224e-02
  1.30800e+01	 -5.41303e-02
  1.30900e+01	 -5.88948e-02
  1.31000e+01	 -8.90088e-02
  1.31100e+01	 -1.25220e-01
  1.31200e+01	 -1.44907e-01
  1.31300e+01	 -1.41587e-01
  1.31400e+01	 -1.39310e-01
  1.31500e+01	 -1.54258e-01
  1.31600e+01	 -1.47860e-01
  1.31700e+01	 -1.04569e-01
  1.31800e+01	 -5.26326e-02
  1.31900e+01	 -2.78581e-02
  1.32000e+01	 -3.55832e-02
  1.32100e+01	 -5.15040e-02
  1.32200e+01	 -6.14905e-02
  1.32300e+01	 -5.13930e-02
  1.32400e+01	 -2.24183e-02
  1.32500e+01	  1.06231e-02
  1.32600e+01	  3.20498e-02
  1.32700e+01	  3.04182e-02
  1.32800e+01	  1.42434e-02
  1.32900e+01	  4.26970e-03
  1.33000e+01	  4.73215e-03
  1.33100e+01	  7.06345e-03
  1.33200e+01	  6.67039e-03
  1.33300e+01	  5.45646e-03
  1.33400e+01	  8.73025e-03
  1.33500e+01	  1.92195e-02
  1.33600e+01	  2.40772e-02
  1.33700e+01	  1.71810e-02
  1.33800e+01	  2.13730e-02
  1.33900e+01	  4.69489e-02
  1.34000e+01	  7.99770e-02
  1.34100e+01	  1.08476e-01
  1.34200e+01	  1.14989e-01
  1.34300e+01	  7.67710e-02
  1.34400e+01	  2.08488e-02
  1.34500e+01	  8.89680e-04
  1.34600e+01	  2.10863e-02
  1.34700e+01	  5.39565e-02
  1.34800e+01	  8.14150e-02
  1.34900e+01	  8.58459e-02
  1.35000e+01	  7.00760e-02
  1.35100e+01	  7.36676e-02
  1.35200e+01	  1.05204e-01
  1.35300e+01	  1.27883e-01
  1.35400e+01	  1.24463e-01
  1.35500e+01	  1.20159e-01
  1.35600e+01	  1.15023e-01
  1.35700e+01	  8.61305e-02
  1.35800e+01	  3.71207e-02
  1.35900e+01	 -1.01491e-02
  1.36000e+01	 -3.52274e-02
  1.36100e+01	 -4.36934e-02
  1.36200e+01	 -5.49365e-02
  1.36300e+01	 -6.13649e-02
  1.36400e+01	 -4.28254e-02
  1.36500e+01	 -4.66520e-03
  1.36600e+01	  3.41893e-02
  1.36700e+01	  6.18433e-02
  1.36800e+01	  5.97204e-02
  1.36900e+01	  3.29085e-02
  1.37000e+01	  3.26225e-03
  1.37100e+01	 -1.94792e-02
  1.37200e+01	 -3.74897e-02
  1.37300e+01	 -4.47223e-02
  1.37400e+01	 -3.91054e-02
  1.37500e+01	 -2.86699e-02
  1.37600e+01	 -7.46627e-03
  1.37700e+01	  2.49565e-02
  1.37800e+01	  5.94251e-02
  1.37900e+01	  8.16427e-02
  1.38000e+01	  9.03207e-02
  1.38100e+01	  9.54255e-02
  1.38200e+01	  1.01679e-01
  1.38300e+01	  1.00325e-01
  1.38400e+01	  8.61037e-02
  1.38500e+01	  7.34440e-02
  1.38600e+01	  8.04241e-02
  1.38700e+01	  1.02778e-01
  1.38800e+01	  1.21086e-01
  1.38900e+01	  1.27242e-01
  1.39000e+01	  1.27524e-01
  1.39100e+01	  1.28506e-01
  1.39200e+01	  1.21931e-01
  1.39300e+01	  9.29546e-02
  1.39400e+01	  4.65610e-02
  1.39500e+01	 -4.72647e-05
  1.39600e+01	 -2.87031e-02
  1.39700e+01	 -3.21015e-02
  1.39800e+01	 -3.13170e-02
  1.39900e+01	 -4.09270e-02
  1.40000e+01	 -5.54500e-02
  1.40100e+01	 -6.73650e-02
  1.40200e+01	 -7.17011e-02
  1.40300e+01	 -6.68666e-02
  1.40400e+01	 -5.77105e-02
  1.40500e+01	 -4.91968e-02
  1.40600e+01	 -4.87328e-02
  1.40700e+01	 -6.07540e-02
  1.40800e+01	 -7.95566e-02
  1.40900e+01	 -9.79039e-02
  1.41000e+01	 -1.13858e-01
  1.41100e+01	 -1.18636e-01
  1.41200e+01	 -1.09063e-01
  1.41300e+01	 -9.91649e-02
  1.41400e+01	 -9.93412e-02
  1.41500e+01	 -1.05334e-01
  1.41600e+01	 -1.08731e-01
  1.41700e+01	 -1.02387e-01
  1.41800e+01	 -8.91095e-02
  1.41900e+01	 -8.05971e-02
  1.42000e+01	 -7.99186e-02
  1.42100e+01	 -7.90105e-02
  1.42200e+01	 -7.31295e-02
  1.42300e+01	 -6.82679e-02
  1.42400e+01	 -6.98190e-02
  1.42500e+01	 -6.14991e-02
  1.42600e+01	 -2.68349e-02
  1.42700e+01	  2.35465e-02
  1.42800e+01	  6.76148e-02
  1.42900e+01	  8.91468e-02
  1.43000e+01	  9.48579e-02
  1.43100e+01	  9.91462e-02
  1.43200e+01	  8.80077e-02
  1.43300e+01	  5.55730e-02
  1.43400e+01	  1.68251e-02
  1.43500e+01	 -1.84629e-02
  1.43600e+01	 -5.01437e-02
  1.43700e+01	 -7.33453e-02
  1.43800e+01	 -8.19401e-02
  1.43900e+01	 -9.65244e-02
  1.44000e+01	 -1.14334e-01
  1.44100e+01	 -1.03927e-01
  1.44200e+01	 -6.65568e-02
  1.44300e+01	 -2.54357e-02
  1.44400e+01	  8.00976e-03
  1.44500e+01	  2.15352e-02
  1.44600e+01	  6.32050e-03
  1.44700e+01	 -1.95659e-02
  1.44800e+01	 -3.94173e-02
  1.44900e+01	 -5.41001e-02
  1.45000e+01	 -6.51469e-02
  1.45100e+01	 -6.93708e-02
  1.45200e+01	 -6.32867e-02
  1.45300e+01	 -4.70928e-02
  1.45400e+01	 -3.34285e-02
  1.45500e+01	 -2.84115e-02
  1.45600e+01	 -2.64216e-02
  1.45700e+01	 -2.32712e-02
  1.45800e+01	 -2.49370e-02
  1.45900e+01	 -3.66225e-02
  1.46000e+01	 -5.30850e-02
  1.46100e+01	 -6.20820e-02
  1.46200e+01	 -5.99715e-02
  1.46300e+01	 -5.37797e-02
  1.46400e+01	 -4.33226e-02
  1.46500e+01	 -1.45272e-02
  1.46600e+01	  3.15553e-02
  1.46700e+01	  7.99709e-02
  1.46800e+01	  1.24481e-01
  1.46900e+01	  1.66830e-01
  1.47000e+01	  2.08725e-01
  1.47100e+01	  2.30448e-01
  1.47200e+01	  2.14497e-01
  1.47300e+01	  1.74648e-01
  1.47400e+01	  1.21510e-01
  1.47500e+01	  5.95577e-02
  1.47600e+01	 -3.54758e-03
  1.47700e+01	 -6.34510e-02
  1.47800e+01	 -8.80104e-02
  1.47900e+01	 -6.48509e-02
  1.48000e+01	 -2.24119e-02
  1.48100e+01	  1.52719e-02
  1.48200e+01	  4.73629e-02
  1.48300e+01	  8.04659e-02
  1.48400e+01	  1.14659e-01
  1.48500e+01	  1.30507e-01
  1.48600e+01	  1.19395e-01
  1.48700e+01	  8.74121e-02
  1.48800e+01	  4.65372e-02
  1.48900e+01	  6.79338e-03
  1.49000e+01	 -3.01543e-02
  1.49100e+01	 -4.95232e-02
  1.49200e+01	 -4.13898e-02
  1.49300e+01	 -1.93407e-02
  1.49400e+01	 -4.50621e-04
  1.49500e+01	 -1.61129e-02
  1.49600e+01	 -6.70284e-02
  1.49700e+01	 -1.16902e-01
  1.49800e+01	 -1.33836e-01
  1.49900e+01	 -1.27222e-01
  1.50000e+01	 -1.44363e-01
  1.50100e+01	 -1.92222e-01
  1.50200e+01	 -2.44583e-01
  1.50300e+01	 -2.68847e-01
  1.50400e+01	 -1.88408e-01
  1.50500e+01	 -2.48509e-02
  1.50600e+01	  8.81539e-02
  1.50700e+01	  1.22058e-01
  1.50800e+01	  1.38936e-01
  1.50900e+01	  1.73164e-01
  1.51000e+01	  1.89033e-01
  1.51100e+01	  1.61321e-01
  1.51200e+01	  1.13158e-01
  1.51300e+01	  7.04161e-02
  1.51400e+01	  3.62311e-02
  1.51500e+01	  3.07313e-02
  1.51600e+01	  5.56165e-02
  1.51700e+01	  7.45920e-02
  1.51800e+01	  5.89008e-02
  1.51900e+01	  2.20433e-02
  1.52000e+01	  1.58664e-02
  1.52100e+01	  5.03709e-02
  1.52200e+01	  9.22661e-02
  1.52300e+01	  1.11377e-01
  1.52400e+01	  8.76611e-02
  1.52500e+01	  3.85944e-02
  1.52600e+01	 -4.31949e-04
  1.52700e+01	 -2.12245e-02
  1.52800e+01	 -4.48357e-02
  1.52900e+01	 -7.87010e-02
  1.53000e+01	 -1.08458e-01
  1.53100e+01	 -9.73949e-02
  1.53200e+01	 -4.89253e-02
  1.53300e+01	  4.42095e-03
  1.53400e+01	  4.88304e-02
  1.53500e+01	  8.21410e-02
  1.53600e+01	  7.63997e-02
  1.53700e+01	  3.22768e-02
  1.53800e+01	 -1.89402e-02
  1.53900e+01	 -6.29405e-02
  1.54000e+01	 -1.02797e-01
  1.54100e+01	 -1.36625e-01
  1.54200e+01	 -1.57931e-01
  1.54300e+01	 -1.52751e-01
  1.54400e+01	 -1.11649e-01
  1.54500e+01	 -5.12432e-02
  1.54600e+01	  9.81077e-03
  1.54700e+01	  6.93726e-02
  1.54800e+01	  1.29943e-01
  1.54900e+01	  1.87570e-01
  1.55000e+01	  1.86101e-01
  1.55100e+01	  1.09792e-01
  1.55200e+01	  1.01431e-02
  1.55300e+01	 -7.26924e-02
  1.55400e+01	 -1.23646e-01
  1.55500e+01	 -1.57097e-01
  1.55600e+01	 -1.88946e-01
  1.55700e+01	 -1.92285e-01
  1.55800e+01	 -1.54110e-01
  1.55900e+01	 -1.00797e-01
  1.56000e+01	 -5.31892e-02
  1.56100e+01	 -2.36693e-02
  1.56200e+01	 -2.40808e-02
  1.56300e+01	 -4.53453e-02
  1.56400e+01	 -6.42588e-02
  1.56500e+01	 -6.58657e-02
  1.56600e+01	 -6.48770e-02
  1.56700e+01	 -7.94014e-02
  1.56800e+01	 -1.03085e-01
  1.56900e+01	 -1.25618e-01
  1.57000e+01	 -1.37015e-01
  1.57100e+01	 -1.10003e-01
  1.57200e+01	 -4.68436e-02
  1.57300e+01	  2.10027e-02
  1.57400e+01	  7.89312e-02
  1.57500e+01	  8.88575e-02
  1.57600e+01	  3.75462e-02
  1.57700e+01	 -3.83631e-02
  1.57800e+01	 -9.65926e-02
  1.57900e+01	 -1.14686e-01
  1.58000e+01	 -1.14560e-01
  1.58100e+01	 -1.22870e-01
  1.58200e+01	 -1.37412e-01
  1.58300e+01	 -1.37276e-01
  1.58400e+01	 -1.04062e-01
  1.58500e+01	 -5.14368e-02
  1.58600e+01	  6.74357e-04
  1.58700e+01	  4.73562e-02
  1.58800e+01	  9.07446e-02
  1.58900e+01	  8.77734e-02
  1.59000e+01	  1.91511e-02
  1.59100e+01	 -4.08908e-02
  1.59200e+01	 -5.04916e-02
  1.59300e+01	 -4.02857e-02
  1.59400e+01	 -3.19095e-02
  1.59500e+01	 -2.10629e-02
  1.59600e+01	 -2.13109e-03
  1.59700e+01	  1.96960e-02
  1.59800e+01	  3.92776e-02
  1.59900e+01	  4.13464e-02
  1.60000e+01	  1.85697e-02
  1.60100e+01	 -1.63115e-02
  1.60200e+01	 -4.53754e-02
  1.60300e+01	 -6.24330e-02
  1.60400e+01	 -7.29445e-02
  1.60500e+01	 -8.18274e-02
  1.60600e+01	 -6.18447e-02
  1.60700e+01	 -9.31760e-03
  1.60800e+01	  4.97780e-02
  1.60900e+01	  1.02243e-01
  1.61000e+01	  1.50500e-01
  1.61100e+01	  2.00500e-01
  1.61200e+01	  2.51363e-01
  1.61300e+01	  2.90930e-01
  1.61400e+01	  3.00292e-01
  1.61500e+01	  2.85964e-01
  1.61600e+01	  2.70490e-01
  1.61700e+01	  2.64848e-01
  1.61800e+01	  2.66822e-01
  1.61900e+01	  2.67868e-01
  1.62000e+01	  2.49451e-01
  1.62100e+01	  1.79461e-01
  1.62200e+01	  7.11354e-02
  1.62300e+01	 -2.64562e-02
  1.62400e+01	 -8.37203e-02
  1.62500e+01	 -1.16913e-01
  1.62600e+01	 -1.49989e-01
  1.62700e+01	 -1.72129e-01
  1.62800e+01	 -1.74540e-01
  1.62900e+01	 -1.69045e-01
  1.63000e+01	 -1.41025e-01
  1.63100e+01	 -8.04421e-02
  1.63200e+01	 -7.40370e-03
  1.63300e+01	  2.84219e-02
  1.63400e+01	  1.50247e-02
  1.63500e+01	 -1.31149e-02
  1.63600e+01	 -3.33057e-02
  1.63700e+01	 -3.84809e-02
  1.63800e+01	 -3.83347e-02
  1.63900e+01	 -5.26920e-02
  1.64000e+01	 -8.16522e-02
  1.64100e+01	 -1.12124e-01
  1.64200e+01	 -1.38631e-01
  1.64300e+01	 -1.60890e-01
  1.64400e+01	 -1.55526e-01
  1.64500e+01	 -1.19328e-01
  1.64600e+01	 -7.68888e-02
  1.64700e+01	 -4.07269e-02
  1.64800e+01	 -9.22009e-03
  1.64900e+01	  2.35675e-02
  1.65000e+01	  5.71870e-02
  1.65100e+01	  9.03763e-02
  1.65200e+01	  1.21752e-01
  1.65300e+01	  1.53299e-01
  1.65400e+01	  1.84484e-01
  1.65500e+01	  2.13257e-01
  1.65600e+01	  2.16297e-01
  1.65700e+01	  1.86661e-01
  1.65800e+01	  1.46045e-01
  1.65900e+01	  1.19773e-01
  1.66000e+01	  1.16511e-01
  1.66100e+01	  1.13270e-01
  1.66200e+01	  8.70229e-02
  1.66300e+01	  4.50542e-02
  1.66400e+01	  4.20364e-03
  1.66500e+01	 -3.13994e-02
  1.66600e+01	 -6.15128e-02
  1.66700e+01	 -8.22901e-02
  1.66800e+01	 -9.57358e-02
  1.66900e+01	 -1.07941e-01
  1.67000e+01	 -1.20597e-01
  1.67100e+01	 -1.24232e-01
  1.67200e+01	 -1.11903e-01
  1.67300e+01	 -9.14237e-02
  1.67400e+01	 -7.18679e-02
  1.67500e+01	 -5.48445e-02
  1.67600e+01	 -4.02361e-02
  1.67700e+01	 -3.18446e-02
  1.67800e+01	 -2.89860e-02
  1.67900e+01	 -2.71619e-02
  1.68000e+01	 -2.43935e-02
  1.68100e+01	 -2.12846e-02
  1.68200e+01	 -1.84756e-02
  1.68300e+01	 -1.41527e-02
  1.68400e+01	 -7.44395e-03
  1.68500e+01	  1.22733e-04
  1.68600e+01	  7.37697e-03
  1.68700e+01	  1.42320e-02
  1.68800e+01	  2.09194e-02
  1.68900e+01	  2.60601e-02
  1.69000e+01	  2.75278e-02
  1.69100e+01	  2.62992e-02
  1.69200e+01	  2.50204e-02
  1.69300e+01	  2.63066e-02
  1.69400e+01	  3.55288e-02
  1.69500e+01	  5.06665e-02
  1.69600e+01	  5.36326e-02
  1.69700e+01	  3.89586e-02
  1.69800e+01	  2.94698e-02
  1.69900e+01	  3.92735e-02
  1.70000e+01	  5.67526e-02
  1.70100e+01	  6.70461e-02
  1.70200e+01	  7.02520e-02
  1.70300e+01	  7.31546e-02
  1.70400e+01	  7.07434e-02
  1.70500e+01	  5.77293e-02
  1.70600e+01	  3.93348e-02
  1.70700e+01	  2.16150e-02
  1.70800e+01	  5.85413e-03
  1.70900e+01	 -5.36791e-03
  1.71000e+01	 -6.63227e-03
  1.71100e+01	 -6.25676e-04
  1.71200e+01	  6.05573e-03
  1.71300e+01	  1.11900e-02
  1.71400e+01	  1.59103e-02
  1.71500e+01	  1.98313e-02
  1.71600e+01	  1.59456e-02
  1.71700e+01	  3.90130e-03
  1.71800e+01	 -9.45943e-03
  1.71900e+01	 -2.08835e-02
  1.72000e+01	 -2.71698e-02
  1.72100e+01	 -2.77239e-02
  1.72200e+01	 -2.58750e-02
  1.72300e+01	 -2.58951e-02
  1.72400e+01	 -3.20341e-02
  1.72500e+01	 -4.07614e-02
  1.72600e+01	 -4.01682e-02
  1.72700e+01	 -2.99271e-02
  1.72800e+01	 -1.82530e-02
  1.72900e+01	 -8.89134e-03
  1.73000e+01	 -1.18515e-03
  1.73100e+01	  2.30082e-03
  1.73200e+01	  1.30307e-03
  1.73300e+01	 -7.93006e-04
  1.73400e+01	 -2.23032e-03
  1.73500e+01	 -3.28557e-03
  1.73600e+01	 -4.66257e-03
  1.73700e+01	 -7.58700e-03
  1.73800e+01	 -1.38490e-02
  1.73900e+01	 -2.19503e-02
  1.74000e+01	 -2.38383e-02
  1.74100e+01	 -1.58457e-02
  1.74200e+01	 -3.77475e-03
  1.74300e+01	  7.36169e-03
  1.74400e+01	  1.71027e-02
  1.74500e+01	  2.61546e-02
  1.74600e+01	  2.23399e-02
  1.74700e+01	  3.85000e-03
  1.74800e+01	 -1.75369e-02
  1.74900e+01	 -3.60914e-02
  1.75000e+01	 -5.15449e-02
  1.75100e+01	 -6.23800e-02
  1.75200e+01	 -6.87387e-02
  1.75300e+01	 -7.36525e-02
  1.75400e+01	 -7.13897e-02
  1.75500e+01	 -5.82695e-02
  1.75600e+01	 -4.02117e-02
  1.75700e+01	 -2.73247e-02
  1.75800e+01	 -2.11829e-02
  1.75900e+01	 -1.73725e-02
  1.76000e+01	 -1.46184e-02
  1.76100e+01	 -8.35390e-03
  1.76200e+01	  4.01697e-03
  1.76300e+01	  1.87366e-02
  1.76400e+01	  3.26796e-02
  1.76500e+01	  4.20693e-02
  1.76600e+01	  4.31323e-02
  1.76700e+01	  3.83760e-02
  1.76800e+01	  3.26637e-02
  1.76900e+01	  1.87595e-02
  1.77000e+01	 -5.12268e-03
  1.77100e+01	 -3.13221e-02
  1.77200e+01	 -5.48463e-02
  1.77300e+01	 -6.65048e-02
  1.77400e+01	 -6.24041e-02
  1.77500e+01	 -4.49760e-02
  1.77600e+01	 -1.71451e-02
  1.77700e+01	  1.48215e-02
  1.77800e+01	  4.60852e-02
  1.77900e+01	  7.04216e-02
  1.78000e+01	  8.47806e-02
  1.78100e+01	  9.23237e-02
  1.78200e+01	  7.61426e-02
  1.78300e+01	  2.85274e-02
  1.78400e+01	 -3.05303e-02
  1.78500e+01	 -8.47034e-02
  1.78600e+01	 -1.10357e-01
  1.78700e+01	 -1.04527e-01
  1.78800e+01	 -8.82543e-02
  1.78900e+01	 -7.56684e-02
  1.79000e+01	 -6.65764e-02
  1.79100e+01	 -6.54163e-02
  1.79200e+01	 -6.41814e-02
  1.79300e+01	 -5.84453e-02
  1.79400e+01	 -5.85790e-02
  1.79500e+01	 -6.61099e-02
  1.79600e+01	 -7.00222e-02
  1.79700e+01	 -6.36503e-02
  1.79800e+01	 -5.31564e-02
  1.79900e+01	 -4.94956e-02
  1.80000e+01	 -5.65381e-02
  1.80100e+01	 -5.84941e-02
  1.80200e+01	 -4.74542e-02
  1.80300e+01	 -3.18769e-02
  1.80400e+01	 -2.09581e-02
  1.80500e+01	 -1.68531e-02
  1.80600e+01	 -1.52704e-02
  1.80700e+01	 -1.28723e-02
  1.80800e+01	 -9.85156e-03
  1.80900e+01	 -7.12236e-03
  1.81000e+01	 -2.83780e-03
  1.81100e+01	  9.59565e-03
  1.81200e+01	  2.96061e-02
  1.81300e+01	  5.05110e-02
  1.81400e+01	  6.93696e-02
  1.81500e+01	  8.29973e-02
  1.81600e+01	  8.82721e-02
  1.81700e+01	  8.54164e-02
  1.81800e+01	  7.07369e-02
  1.81900e+01	  4.65247e-02
  1.82000e+01	  2.12050e-02
  1.82100e+01	 -2.31785e-03
  1.82200e+01	 -2.44890e-02
  1.82300e+01	 -4.24223e-02
  1.82400e+01	 -5.37983e-02
  1.82500e+01	 -6.26055e-02
  1.82600e+01	 -7.15641e-02
  1.82700e+01	 -8.06412e-02
  1.82800e+01	 -7.87589e-02
  1.82900e+01	 -6.40270e-02
  1.83000e+01	 -4.62029e-02
  1.83100e+01	 -3.99597e-02
  1.83200e+01	 -4.54583e-02
  1.83300e+01	 -5.19052e-02
  1.83400e+01	 -4.69093e-02
  1.83500e+01	 -2.91265e-02
  1.83600e+01	 -8.40202e-03
  1.83700e+01	  4.90592e-03
  1.83800e+01	  1.02308e-02
  1.83900e+01	  1.18397e-02
  1.84000e+01	  8.72627e-03
  1.84100e+01	  1.63620e-03
  1.84200e+01	 -6.38345e-03
  1.84300e+01	 -1.35447e-02
  1.84400e+01	 -1.75679e-02
  1.84500e+01	 -1.63243e-02
  1.84600e+01	 -1.18129e-02
  1.84700e+01	 -7.22252e-03
  1.84800e+01	 -3.36581e-03
  1.84900e+01	  5.08306e-04
  1.85000e+01	  6.98367e-03
  1.85100e+01	  1.63024e-02
  1.85200e+01	  2.60739e-02
  1.85300e+01	  3.20682e-02
  1.85400e+01	  3.22159e-02
  1.85500e+01	  2.91787e-02
  1.85600e+01	  2.18046e-02
  1.85700e+01	  8.89613e-03
  1.85800e+01	 -4.11928e-03
  1.85900e+01	 -1.16077e-02
  1.86000e+01	 -1.76251e-02
  1.86100e+01	 -2.92646e-02
  1.86200e+01	 -4.49319e-02
  1.86300e+01	 -5.96306e-02
  1.86400e+01	 -5.69034e-02
  1.86500e+01	 -3.62875e-02
  1.86600e+01	 -1.26392e-02
  1.86700e+01	  7.38947e-03
  1.86800e+01	  2.57527e-02
  1.86900e+01	  4.51841e-02
  1.87000e+01	  6.41870e-02
  1.87100e+01	  6.59685e-02
  1.87200e+01	  4.17216e-02
  1.87300e+01	  5.98317e-03
  1.87400e+01	 -2.68171e-02
  1.87500e+01	 -4.35614e-02
  1.87600e+01	 -3.52655e-02
  1.87700e+01	 -1.21742e-02
  1.87800e+01	  1.09358e-02
  1.87900e+01	  3.06715e-02
  1.88000e+01	  4.70278e-02
  1.88100e+01	  5.16374e-02
  1.88200e+01	  4.45017e-02
  1.88300e+01	  3.52069e-02
  1.88400e+01	  2.79157e-02
  1.88500e+01	  2.17988e-02
  1.88600e+01	  1.52685e-02
  1.88700e+01	  1.46385e-02
  1.88800e+01	  2.27941e-02
  1.88900e+01	  3.45385e-02
  1.89000e+01	  4.50800e-02
  1.89100e+01	  5.23626e-02
  1.89200e+01	  5.47372e-02
  1.89300e+01	  5.37831e-02
  1.89400e+01	  5.24819e-02
  1.89500e+01	  5.17888e-02
  1.89600e+01	  5.10707e-02
  1.89700e+01	  4.74136e-02
  1.89800e+01	  3.71880e-02
  1.89900e+01	  2.23563e-02
  1.90000e+01	  7.34930e-03
  1.90100e+01	 -5.94419e-03
  1.90200e+01	 -9.76196e-03
  1.90300e+01	 -3.58271e-03
  1.90400e+01	  4.55588e-03
  1.90500e+01	  1.09885e-02
  1.90600e+01	  1.64750e-02
  1.90700e+01	  2.19526e-02
  1.90800e+01	  1.70376e-02
  1.90900e+01	 -1.33265e-03
  1.91000e+01	 -2.36318e-02
  1.91100e+01	 -4.18452e-02
  1.91200e+01	 -5.19736e-02
  1.91300e+01	 -5.73494e-02
  1.91400e+01	 -6.25682e-02
  1.91500e+01	 -6.60076e-02
  1.91600e+01	 -6.25933e-02
  1.91700e+01	 -5.38213e-02
  1.91800e+01	 -4.34783e-02
  1.91900e+01	 -3.29100e-02
  1.92000e+01	 -2.20430e-02
  1.92100e+01	 -1.10031e-02
  1.92200e+01	 -4.86610e-04
  1.92300e+01	  3.32959e-03
  1.92400e+01	 -2.56328e-04
  1.92500e+01	 -5.36778e-03
  1.92600e+01	 -9.18674e-03
  1.92700e+01	 -1.22887e-02
  1.92800e+01	 -1.55785e-02
  1.92900e+01	 -1.57638e-02
  1.93000e+01	 -1.18980e-02
  1.93100e+01	 -7.02953e-03
  1.93200e+01	 -2.87821e-03
  1.93300e+01	  1.26121e-03
  1.93400e+01	  1.45757e-02
  1.93500e+01	  4.14228e-02
  1.93600e+01	  6.85024e-02
  1.93700e+01	  7.51846e-02
  1.93800e+01	  6.39886e-02
  1.93900e+01	  5.12550e-02
  1.94000e+01	  4.26597e-02
  1.94100e+01	  3.52006e-02
  1.94200e+01	  2.61857e-02
  1.94300e+01	  1.65502e-02
  1.94400e+01	  7.51626e-03
  1.94500e+01	  6.13316e-04
  1.94600e+01	  6.67983e-04
  1.94700e+01	  7.11786e-03
  1.94800e+01	  1.45573e-02
  1.94900e+01	  2.23975e-02
  1.95000e+01	  3.25318e-02
  1.95100e+01	  4.47135e-02
  1.95200e+01	  5.68158e-02
  1.95300e+01	  6.56850e-02
  1.95400e+01	  6.89036e-02
  1.95500e+01	  6.99945e-02
  1.95600e+01	  7.63824e-02
  1.95700e+01	  8.34255e-02
  1.95800e+01	  7.76825e-02
  1.95900e+01	  6.05476e-02
  1.96000e+01	  4.22094e-02
  1.96100e+01	  2.67044e-02
  1.96200e+01	  1.21812e-02
  1.96300e+01	 -3.11537e-03
  1.96400e+01	 -1.87408e-02
  1.96500e+01	 -3.29740e-02
  1.96600e+01	 -3.22081e-02
  1.96700e+01	 -1.31117e-02
  1.96800e+01	  1.12684e-02
  1.96900e+01	  3.23020e-02
  1.97000e+01	  4.06480e-02
  1.97100e+01	  3.77071e-02
  1.97200e+01	  3.07974e-02
  1.97300e+01	  2.13617e-02
  1.97400e+01	  9.70513e-03
  1.97500e+01	 -2.28831e-03
  1.97600e+01	 -7.23646e-03
  1.97700e+01	 -2.54928e-03
  1.97800e+01	  5.65496e-03
  1.97900e+01	  1.25982e-02
  1.98000e+01	  1.75954e-02
  1.98100e+01	  2.21433e-02
  1.98200e+01	  2.70362e-02
  1.98300e+01	  3.21034e-02
  1.98400e+01	  3.66937e-02
  1.98500e+01	  3.93661e-02
  1.98600e+01	  3.74413e-02
  1.98700e+01	  3.20522e-02
  1.98800e+01	  2.63517e-02
  1.98900e+01	  2.15959e-02
  1.99000e+01	  1.84894e-02
  1.99100e+01	  1.81068e-02
  1.99200e+01	  1.95607e-02
  1.99300e+01	  2.11604e-02
  1.99400e+01	  2.07378e-02
  1.99500e+01	  1.75576e-02
  1.99600e+01	  1.32964e-02
  1.99700e+01	  9.33030e-03
  1.99800e+01	  5.64601e-03
  1.99900e+01	  1.89563e-03
  2.00000e+01	 -1.87038e-03
  2.00100e+01	 -5.33663e-03
  2.00200e+01	 -4.19223e-03
  2.00300e+01	  6.05768e-03
  2.00400e+01	  1.58966e-02
  2.00500e+01	  8.77386e-03
  2.00600e+01	 -1.24780e-02
  2.00700e+01	 -3.32291e-02
  2.00800e+01	 -3.86131e-02
  2.00900e+01	 -4.53380e-02
  2.01000e+01	 -5.26578e-02
  2.01100e+01	 -6.09220e-02
  2.01200e+01	 -6.56896e-02
  2.01300e+01	 -6.62190e-02
  2.01400e+01	 -6.60163e-02
  2.01500e+01	 -6.66042e-02
  2.01600e+01	 -6.75160e-02
  2.01700e+01	 -6.80601e-02
  2.01800e+01	 -6.78842e-02
  2.01900e+01	 -6.01703e-02
  2.02000e+01	 -4.16102e-02
  2.02100e+01	 -2.43503e-02
  2.02200e+01	 -1.49884e-02
  2.02300e+01	 -7.02730e-03
  2.02400e+01	  3.99470e-03
  2.02500e+01	  1.64793e-02
  2.02600e+01	  2.78948e-02
  2.02700e+01	  3.68011e-02
  2.02800e+01	  4.31457e-02
  2.02900e+01	  4.83972e-02
  2.03000e+01	  5.19929e-02
  2.03100e+01	  5.00631e-02
  2.03200e+01	  4.32881e-02
  2.03300e+01	  3.61907e-02
  2.03400e+01	  3.39827e-02
  2.03500e+01	  3.69854e-02
  2.03600e+01	  4.10099e-02
  2.03700e+01	  4.49053e-02
  2.03800e+01	  4.97151e-02
  2.03900e+01	  5.55224e-02
  2.04000e+01	  5.91295e-02
  2.04100e+01	  5.77941e-02
  2.04200e+01	  5.32889e-02
  2.04300e+01	  4.92208e-02
  2.04400e+01	  4.69626e-02
  2.04500e+01	  4.57569e-02
  2.04600e+01	  4.43791e-02
  2.04700e+01	  4.27018e-02
  2.04800e+01	  4.10227e-02
  2.04900e+01	  3.95174e-02
  2.05000e+01	  3.76745e-02
  2.05100e+01	  3.06731e-02
  2.05200e+01	  1.77398e-02
  2.05300e+01	  3.87421e-03
  2.05400e+01	 -8.68962e-03
  2.05500e+01	 -2.02599e-02
  2.05600e+01	 -3.14933e-02
  2.05700e+01	 -3.66740e-02
  2.05800e+01	 -3.48947e-02
  2.05900e+01	 -3.13160e-02
  2.06000e+01	 -2.89338e-02
  2.06100e+01	 -2.72406e-02
  2.06200e+01	 -2.54344e-02
  2.06300e+01	 -2.42078e-02
  2.06400e+01	 -2.39166e-02
  2.06500e+01	 -2.38763e-02
  2.06600e+01	 -2.36984e-02
  2.06700e+01	 -2.33296e-02
  2.06800e+01	 -2.30489e-02
  2.06900e+01	 -2.27926e-02
  2.07000e+01	 -2.25239e-02
  2.07100e+01	 -2.15769e-02
  2.07200e+01	 -1.98392e-02
  2.07300e+01	 -1.78550e-02
  2.07400e+01	 -1.60627e-02
  2.07500e+01	 -1.43996e-02
  2.07600e+01	 -1.27802e-02
  2.07700e+01	 -1.11606e-02
  2.07800e+01	 -9.61536e-03
  2.07900e+01	 -8.00135e-03
  2.08000e+01	 -6.29526e-03
  2.08100e+01	 -4.57136e-03
  2.08200e+01	 -2.95939e-03
  2.08300e+01	 -1.41538e-03
  2.08400e+01	  2.78955e-05
  2.08500e+01	  1.37725e-03
  2.08600e+01	  1.76399e-03
  2.08700e+01	 -9.16550e-04
  2.08800e+01	 -6.08550e-03
  2.08900e+01	 -1.07259e-02
  2.09000e+01	 -1.35668e-02
  2.09100e+01	 -1.54214e-02
  2.09200e+01	 -1.74287e-02
  2.09300e+01	 -1.94732e-02
  2.09400e+01	 -2.03630e-02
  2.09500e+01	 -1.97816e-02
  2.09600e+01	 -1.87195e-02
  2.09700e+01	 -1.58001e-02
  2.09800e+01	 -1.03106e-02
  2.09900e+01	 -3.82415e-03
  2.10000e+01	  2.11922e-03
  2.10100e+01	  7.38071e-03
  2.10200e+01	  1.15136e-02
  2.10300e+01	  1.45466e-02
  2.10400e+01	  1.71315e-02
  2.10500e+01	  1.96609e-02
  2.10600e+01	  2.20428e-02
  2.10700e+01	  2.40654e-02
  2.10800e+01	  2.45876e-02
  2.10900e+01	  2.37685e-02
  2.11000e+01	  2.27343e-02
  2.11100e+01	  2.19201e-02
  2.11200e+01	  2.11288e-02
  2.11300e+01	  2.01939e-02
  2.11400e+01	  1.83733e-02
  2.11500e+01	  1.51139e-02
  2.11600e+01	  1.11245e-02
  2.11700e+01	  7.30508e-03
  2.11800e+01	  3.85799e-03
  2.11900e+01	  6.34562e-04
  2.12000e+01	 -2.78366e-03
  2.12100e+01	 -6.84685e-03
  2.12200e+01	 -1.12718e-02
  2.12300e+01	 -1.54016e-02
  2.12400e+01	 -1.91271e-02
  2.12500e+01	 -2.22563e-02
  2.12600e+01	 -2.10309e-02
  2.12700e+01	 -1.42342e-02
  2.12800e+01	 -9.38895e-03
  2.12900e+01	 -1.13913e-02
  2.13000e+01	 -1.68657e-02
  2.13100e+01	 -2.13903e-02
  2.13200e+01	 -2.45316e-02
  2.13300e+01	 -2.73439e-02
  2.13400e+01	 -3.03070e-02
  2.13500e+01	 -3.29429e-02
  2.13600e+01	 -3.46475e-02
  2.13700e+01	 -3.16916e-02
  2.13800e+01	 -2.44926e-02
  2.13900e+01	 -1.70760e-02
  2.14000e+01	 -1.11079e-02
  2.14100e+01	 -6.02670e-03
  2.14200e+01	 -1.20238e-03
  2.14300e+01	  3.09238e-03
  2.14400e+01	  5.22456e-03
  2.14500e+01	  5.19523e-03
  2.14600e+01	  3.42732e-03
  2.14700e+01	  5.63817e-04
  2.14800e+01	 -2.25335e-03
  2.14900e+01	 -4.69343e-03
  2.15000e+01	 -6.81097e-03
  2.15100e+01	 -8.43235e-03
  2.15200e+01	 -9.29139e-03
  2.15300e+01	 -9.70274e-03
  2.15400e+01	 -1.00252e-02
  2.15500e+01	 -1.03634e-02
  2.15600e+01	 -1.06441e-02
  2.15700e+01	 -1.08433e-02
  2.15800e+01	 -1.08895e-02
  2.15900e+01	 -1.07102e-02
  2.16000e+01	 -1.03721e-02
  2.16100e+01	 -1.00381e-02
  2.16200e+01	 -9.74779e-03
  2.16300e+01	 -9.47546e-03
  2.16400e+01	 -9.14422e-03
  2.16500e+01	 -8.68106e-03
  2.16600e+01	 -8.14808e-03
  2.16700e+01	 -7.66627e-03
  2.16800e+01	 -7.25603e-03
  2.16900e+01	 -6.89889e-03
  2.17000e+01	 -6.57951e-03
  2.17100e+01	 -6.31370e-03
  2.17200e+01	 -6.28545e-03
  2.17300e+01	 -6.53568e-03
  2.17400e+01	 -6.83873e-03
  2.17500e+01	 -7.03733e-03
  2.17600e+01	 -7.11658e-03
  2.17700e+01	 -7.01642e-03
  2.17800e+01	 -6.77056e-03
  2.17900e+01	 -6.50655e-03
  2.18000e+01	 -6.25923e-03
  2.18100e+01	 -6.01821e-03
  2.18200e+01	 -5.77996e-03
  2.18300e+01	 -5.58997e-03
  2.18400e+01	 -5.43069e-03
  2.18500e+01	 -5.25147e-03
  2.18600e+01	 -5.03583e-03
  2.18700e+01	 -4.81739e-03
  2.18800e+01	 -4.61714e-03
  2.18900e+01	 -4.40755e-03
  2.19000e+01	 -4.14905e-03
  2.19100e+01	 -3.81543e-03
  2.19200e+01	 -3.43820e-03
  2.19300e+01	 -3.06524e-03
  2.19400e+01	 -2.71559e-03
  2.19500e+01	 -2.38236e-03
  2.19600e+01	 -2.04920e-03
  2.19700e+01	 -1.71283e-03
  2.19800e+01	 -1.37529e-03
  2.19900e+01	 -1.03982e-03
  2.20000e+01	 -7.07488e-04
  2.20100e+01	 -3.75643e-04
  2.20200e+01	 -4.20648e-05
  2.20300e+01	  2.87383e-04
  2.20400e+01	  6.05950e-04
  2.20500e+01	  9.13378e-04
  2.20600e+01	  1.21836e-03
  2.20700e+01	  1.52912e-03
  2.20800e+01	  1.83147e-03
  2.20900e+01	  2.10921e-03
  2.21000e+01	  2.35680e-03
  2.21100e+01	  2.58540e-03
  2.21200e+01	  2.80912e-03
  2.21300e+01	  3.03094e-03
  2.21400e+01	  3.24731e-03
  2.21500e+01	  3.45928e-03
  2.21600e+01	  3.67207e-03
  2.21700e+01	  3.88618e-03
  2.21800e+01	  4.09876e-03
  2.21900e+01	  4.30787e-03
  2.22000e+01	  4.51343e-03
  2.22100e+01	  4.71609e-03
  2.22200e+01	  4.91608e-03
  2.22300e+01	  5.11296e-03
  2.22400e+01	  5.30610e-03
  2.22500e+01	  5.49512e-03
  2.22600e+01	  5.68012e-03
  2.22700e+01	  5.86116e-03
  2.22800e+01	  6.03822e-03
  2.22900e+01	  6.21124e-03
  2.23000e+01	  6.38012e-03
