  1.00000e-02	 -2.71115e-05
  2.00000e-02	 -3.21714e-05
  3.00000e-02	 -2.98917e-05
  4.00000e-02	 -3.98059e-05
  5.00000e-02	 -3.91057e-05
  6.00000e-02	 -4.53388e-05
  7.00000e-02	 -3.81528e-05
  8.00000e-02	 -4.67910e-05
  9.00000e-02	 -5.79588e-05
  1.00000e-01	 -8.74697e-05
  1.10000e-01	 -1.13885e-04
  1.20000e-01	 -1.55251e-04
  1.30000e-01	 -1.68590e-04
  1.40000e-01	 -1.61550e-04
  1.50000e-01	 -1.31073e-04
  1.60000e-01	 -1.03246e-04
  1.70000e-01	 -5.87726e-05
  1.80000e-01	 -1.00919e-05
  1.90000e-01	  5.94578e-05
  2.00000e-01	  1.21036e-04
  2.10000e-01	  1.60572e-04
  2.20000e-01	  1.63957e-04
  2.30000e-01	  1.70549e-04
  2.40000e-01	  1.76093e-04
  2.50000e-01	  1.89501e-04
  2.60000e-01	  1.73129e-04
  2.70000e-01	  7.57534e-05
  2.80000e-01	 -7.68515e-05
  2.90000e-01	 -1.66661e-04
  3.00000e-01	 -2.01168e-04
  3.10000e-01	 -2.28137e-04
  3.20000e-01	 -2.78519e-04
  3.30000e-01	 -3.32215e-04
  3.40000e-01	 -3.85559e-04
  3.50000e-01	 -4.38770e-04
  3.60000e-01	 -4.96407e-04
  3.70000e-01	 -5.62595e-04
  3.80000e-01	 -5.93543e-04
  3.90000e-01	 -2.93142e-05
  4.00000e-01	  1.67212e-03
  4.10000e-01	  2.64901e-03
  4.20000e-01	  1.92372e-03
  4.30000e-01	  6.33532e-04
  4.40000e-01	 -3.70119e-04
  4.50000e-01	 -3.72942e-04
  4.60000e-01	  1.16111e-03
  4.70000e-01	  3.63024e-03
  4.80000e-01	  5.08534e-03
  4.90000e-01	  1.82731e-03
  5.00000e-01	 -4.28473e-03
  5.10000e-01	 -6.32333e-03
  5.20000e-01	 -3.63673e-03
  5.30000e-01	 -2.51176e-04
  5.40000e-01	  3.75049e-04
  5.50000e-01	 -8.95548e-04
  5.60000e-01	 -1.21470e-03
  5.70000e-01	 -2.96550e-04
  5.80000e-01	  5.54413e-04
  5.90000e-01	 -1.74797e-03
  6.00000e-01	 -3.87335e-03
  6.10000e-01	  3.90169e-04
  6.20000e-01	  6.10847e-03
  6.30000e-01	  2.97986e-03
  6.40000e-01	 -7.64159e-03
  6.50000e-01	 -1.16013e-02
  6.60000e-01	 -5.26524e-03
  6.70000e-01	  3.16736e-03
  6.80000e-01	  8.87020e-03
  6.90000e-01	  4.63927e-03
  7.00000e-01	 -9.12903e-04
  7.10000e-01	  1.12279e-03
  7.20000e-01	  6.64854e-03
  7.30000e-01	  1.12037e-02
  7.40000e-01	  1.36671e-02
  7.50000e-01	  8.42886e-03
  7.60000e-01	  7.62275e-04
  7.70000e-01	  1.32706e-04
  7.80000e-01	  1.81513e-04
  7.90000e-01	 -4.22685e-03
  8.00000e-01	 -8.20851e-03
  8.10000e-01	 -5.27873e-03
  8.20000e-01	  2.01562e-03
  8.30000e-01	  4.36179e-03
  8.40000e-01	 -2.17267e-03
  8.50000e-01	 -1.14675e-02
  8.60000e-01	 -1.13121e-02
  8.70000e-01	  2.14494e-03
  8.80000e-01	  1.20160e-02
  8.90000e-01	  2.56954e-04
  9.00000e-01	 -2.14400e-02
  9.10000e-01	 -1.71669e-02
  9.20000e-01	  1.29125e-02
  9.30000e-01	  2.40327e-02
  9.40000e-01	 -1.16799e-03
  9.50000e-01	 -2.91628e-02
  9.60000e-01	 -2.24167e-02
  9.70000e-01	  8.30163e-03
  9.80000e-01	  1.08940e-02
  9.90000e-01	 -9.10473e-03
  1.00000e+00	 -8.51565e-03
  1.01000e+00	  1.64037e-02
  1.02000e+00	  2.80846e-02
  1.03000e+00	  5.55930e-03
  1.04000e+00	 -3.22722e-02
  1.05000e+00	 -4.37888e-02
  1.06000e+00	 -7.24575e-03
  1.07000e+00	  4.31882e-02
  1.08000e+00	  4.19136e-02
  1.09000e+00	 -8.34979e-03
  1.10000e+00	 -4.49440e-02
  1.11000e+00	 -1.75318e-02
  1.12000e+00	  2.51724e-02
  1.13000e+00	  7.64732e-03
  1.14000e+00	 -3.27512e-02
  1.15000e+00	 -3.54680e-02
  1.16000e+00	 -7.26978e-03
  1.17000e+00	  1.80823e-02
  1.18000e+00	  1.40585e-02
  1.19000e+00	 -2.18527e-02
  1.20000e+00	 -4.92968e-02
  1.21000e+00	 -3.29265e-02
  1.22000e+00	  1.03343e-02
  1.23000e+00	  3.46438e-02
  1.24000e+00	  1.86955e-02
  1.25000e+00	 -6.99596e-03
  1.26000e+00	 -4.68920e-03
  1.27000e+00	  3.71970e-03
  1.28000e+00	  2.73241e-03
  1.29000e+00	  4.89818e-03
  1.30000e+00	  1.35861e-02
  1.31000e+00	  2.27932e-02
  1.32000e+00	  1.62872e-02
  1.33000e+00	 -4.32100e-03
  1.34000e+00	 -2.52054e-02
  1.35000e+00	 -2.33563e-02
  1.36000e+00	  1.83924e-03
  1.37000e+00	  3.03195e-02
  1.38000e+00	  3.62155e-02
  1.39000e+00	  1.64726e-02
  1.40000e+00	 -8.70986e-03
  1.41000e+00	 -1.51812e-02
  1.42000e+00	  1.51754e-03
  1.43000e+00	  1.57998e-02
  1.44000e+00	  7.80268e-03
  1.45000e+00	 -7.51315e-03
  1.46000e+00	 -4.54234e-03
  1.47000e+00	  1.31244e-02
  1.48000e+00	  1.40770e-02
  1.49000e+00	 -7.51475e-03
  1.50000e+00	 -2.03597e-02
  1.51000e+00	 -1.26344e-02
  1.52000e+00	  1.56642e-03
  1.53000e+00	  9.54846e-03
  1.54000e+00	  3.61734e-03
  1.55000e+00	 -1.16265e-02
  1.56000e+00	 -1.09310e-02
  1.57000e+00	  1.07055e-02
  1.58000e+00	  2.57427e-02
  1.59000e+00	  1.34646e-02
  1.60000e+00	 -8.79456e-03
  1.61000e+00	 -1.33934e-02
  1.62000e+00	 -1.93445e-03
  1.63000e+00	  9.79619e-03
  1.64000e+00	  1.38015e-02
  1.65000e+00	  8.44475e-03
  1.66000e+00	 -4.70490e-04
  1.67000e+00	 -1.41411e-04
  1.68000e+00	  1.00167e-02
  1.69000e+00	  2.00760e-02
  1.70000e+00	  1.21876e-02
  1.71000e+00	  5.26731e-04
  1.72000e+00	  2.14374e-03
  1.73000e+00	 -1.08206e-02
  1.74000e+00	 -2.83006e-02
  1.75000e+00	 -2.06182e-02
  1.76000e+00	  5.93134e-03
  1.77000e+00	  2.27578e-02
  1.78000e+00	  1.14413e-02
  1.79000e+00	 -1.66197e-02
  1.80000e+00	 -2.95239e-02
  1.81000e+00	 -1.24861e-02
  1.82000e+00	  1.72764e-02
  1.83000e+00	  3.26097e-02
  1.84000e+00	  2.20730e-02
  1.85000e+00	  3.30924e-03
  1.86000e+00	 -8.16254e-04
  1.87000e+00	  5.35434e-03
  1.88000e+00	  7.30030e-03
  1.89000e+00	  3.99679e-03
  1.90000e+00	  5.24485e-04
  1.91000e+00	  1.06918e-05
  1.92000e+00	  6.46068e-04
  1.93000e+00	  1.01991e-03
  1.94000e+00	  2.45759e-03
  1.95000e+00	  6.46346e-03
  1.96000e+00	  9.82496e-03
  1.97000e+00	  7.38978e-03
  1.98000e+00	 -1.09413e-04
  1.99000e+00	  3.75999e-04
  2.00000e+00	  7.36541e-05
  2.01000e+00	 -2.92450e-04
  2.02000e+00	  6.62848e-03
  2.03000e+00	  1.50358e-02
  2.04000e+00	  1.42306e-02
  2.05000e+00	  4.00847e-03
  2.06000e+00	 -6.83098e-03
  2.07000e+00	 -1.30453e-02
  2.08000e+00	 -1.15159e-02
  2.09000e+00	 -5.71375e-03
  2.10000e+00	 -4.78355e-03
  2.11000e+00	 -1.07626e-02
  2.12000e+00	 -1.07124e-02
  2.13000e+00	 -8.98514e-04
  2.14000e+00	  3.75716e-03
  2.15000e+00	  5.17770e-03
  2.16000e+00	  1.21369e-02
  2.17000e+00	  2.21035e-02
  2.18000e+00	  2.17865e-02
  2.19000e+00	  8.76895e-03
  2.20000e+00	  2.44951e-03
  2.21000e+00	  9.36710e-03
  2.22000e+00	  1.88809e-02
  2.23000e+00	  1.57312e-02
  2.24000e+00	 -3.75366e-03
  2.25000e+00	 -2.68851e-02
  2.26000e+00	 -3.03766e-02
  2.27000e+00	 -5.25112e-03
  2.28000e+00	 -2.52003e-03
  2.29000e+00	 -1.13114e-02
  2.30000e+00	  3.48437e-03
  2.31000e+00	  1.64586e-02
  2.32000e+00	  4.78337e-03
  2.33000e+00	 -2.28912e-03
  2.34000e+00	  1.41109e-02
  2.35000e+00	  2.16446e-02
  2.36000e+00	  7.21188e-03
  2.37000e+00	 -1.41146e-02
  2.38000e+00	 -2.34631e-02
  2.39000e+00	 -1.67299e-02
  2.40000e+00	 -3.75040e-03
  2.41000e+00	 -2.41269e-03
  2.42000e+00	 -1.35726e-02
  2.43000e+00	 -1.54781e-02
  2.44000e+00	 -4.61153e-03
  2.45000e+00	  3.81201e-03
  2.46000e+00	  8.81659e-03
  2.47000e+00	  1.56996e-02
  2.48000e+00	  1.38813e-02
  2.49000e+00	  2.21983e-03
  2.50000e+00	  6.60847e-03
  2.51000e+00	  1.29233e-02
  2.52000e+00	  1.21853e-03
  2.53000e+00	 -2.04538e-02
  2.54000e+00	 -2.90812e-02
  2.55000e+00	 -1.93363e-02
  2.56000e+00	 -4.36376e-03
  2.57000e+00	  6.00583e-03
  2.58000e+00	  1.07330e-03
  2.59000e+00	 -1.77788e-02
  2.60000e+00	 -2.42093e-02
  2.61000e+00	 -1.19757e-02
  2.62000e+00	  4.33665e-03
  2.63000e+00	  1.51301e-02
  2.64000e+00	  2.07439e-02
  2.65000e+00	  1.45199e-02
  2.66000e+00	  6.98020e-03
  2.67000e+00	  1.15040e-02
  2.68000e+00	  1.30933e-02
  2.69000e+00	  2.06742e-03
  2.70000e+00	 -1.03088e-02
  2.71000e+00	 -1.29907e-02
  2.72000e+00	 -8.03015e-03
  2.73000e+00	 -3.81227e-03
  2.74000e+00	 -4.25844e-03
  2.75000e+00	 -1.01472e-02
  2.76000e+00	 -2.06642e-02
  2.77000e+00	 -1.43337e-02
  2.78000e+00	  3.16532e-02
  2.79000e+00	  5.52106e-02
  2.80000e+00	  2.47639e-02
  2.81000e+00	 -2.15087e-02
  2.82000e+00	 -4.86922e-02
  2.83000e+00	 -4.25613e-02
  2.84000e+00	 -1.92457e-02
  2.85000e+00	  1.26382e-03
  2.86000e+00	  1.23538e-02
  2.87000e+00	  1.25809e-02
  2.88000e+00	 -5.15114e-03
  2.89000e+00	 -3.52905e-02
  2.90000e+00	 -3.92526e-02
  2.91000e+00	 -4.27937e-03
  2.92000e+00	  4.23831e-02
  2.93000e+00	  5.99651e-02
  2.94000e+00	  2.79221e-02
  2.95000e+00	 -2.96442e-02
  2.96000e+00	 -7.92477e-02
  2.97000e+00	 -6.24098e-02
  2.98000e+00	  2.11293e-02
  2.99000e+00	  6.22292e-02
  3.00000e+00	  2.92435e-02
  3.01000e+00	 -2.03972e-02
  3.02000e+00	 -4.03568e-02
  3.03000e+00	 -4.61891e-02
  3.04000e+00	 -6.39898e-02
  3.05000e+00	 -4.40285e-02
  3.06000e+00	  2.90633e-02
  3.07000e+00	  6.01567e-02
  3.08000e+00	  1.44246e-02
  3.09000e+00	 -5.19570e-02
  3.10000e+00	 -4.85531e-02
  3.11000e+00	  7.76907e-03
  3.12000e+00	  3.77365e-02
  3.13000e+00	  1.59301e-02
  3.14000e+00	 -2.79128e-02
  3.15000e+00	 -4.61310e-02
  3.16000e+00	 -2.37665e-02
  3.17000e+00	  8.05884e-03
  3.18000e+00	  6.20391e-03
  3.19000e+00	 -2.39998e-02
  3.20000e+00	 -5.41604e-02
  3.21000e+00	 -6.52329e-02
  3.22000e+00	 -5.33358e-02
  3.23000e+00	 -3.26837e-02
  3.24000e+00	 -3.29925e-02
  3.25000e+00	 -7.84794e-02
  3.26000e+00	 -1.06739e-01
  3.27000e+00	 -7.62025e-02
  3.28000e+00	 -2.45317e-02
  3.29000e+00	 -2.59687e-03
  3.30000e+00	 -1.57449e-02
  3.31000e+00	 -2.18621e-02
  3.32000e+00	 -7.48381e-03
  3.33000e+00	  9.47659e-03
  3.34000e+00	  1.76670e-03
  3.35000e+00	 -2.50471e-02
  3.36000e+00	 -2.26055e-02
  3.37000e+00	  2.59341e-02
  3.38000e+00	  8.44994e-02
  3.39000e+00	  7.59593e-02
  3.40000e+00	 -5.53572e-03
  3.41000e+00	 -3.42687e-02
  3.42000e+00	  2.48903e-02
  3.43000e+00	  9.30699e-02
  3.44000e+00	  9.39005e-02
  3.45000e+00	  4.32186e-02
  3.46000e+00	  8.61188e-03
  3.47000e+00	  2.32627e-02
  3.48000e+00	  6.40723e-02
  3.49000e+00	  9.88096e-02
  3.50000e+00	  1.17539e-01
  3.51000e+00	  8.69602e-02
  3.52000e+00	  1.27107e-02
  3.53000e+00	 -3.79807e-02
  3.54000e+00	 -2.13026e-02
  3.55000e+00	  2.66013e-02
  3.56000e+00	  3.60666e-02
  3.57000e+00	  1.49909e-02
  3.58000e+00	  5.82449e-03
  3.59000e+00	  1.35498e-02
  3.60000e+00	  2.24262e-02
  3.61000e+00	  2.49216e-02
  3.62000e+00	  2.57538e-02
  3.63000e+00	  2.82939e-02
  3.64000e+00	  3.24483e-02
  3.65000e+00	  4.05825e-02
  3.66000e+00	  5.56206e-02
  3.67000e+00	  7.31235e-02
  3.68000e+00	  9.00792e-02
  3.69000e+00	  1.05278e-01
  3.70000e+00	  1.16249e-01
  3.71000e+00	  6.66361e-02
  3.72000e+00	 -4.54648e-02
  3.73000e+00	 -1.31659e-01
  3.74000e+00	 -1.17630e-01
  3.75000e+00	 -3.63706e-02
  3.76000e+00	  3.92109e-02
  3.77000e+00	  5.82178e-02
  3.78000e+00	  2.87267e-02
  3.79000e+00	 -3.31089e-03
  3.80000e+00	  3.07898e-03
  3.81000e+00	  5.03647e-02
  3.82000e+00	  9.35343e-02
  3.83000e+00	  1.05385e-01
  3.84000e+00	  9.71671e-02
  3.85000e+00	  9.20906e-02
  3.86000e+00	  9.26919e-02
  3.87000e+00	  9.50717e-02
  3.88000e+00	  9.39361e-02
  3.89000e+00	  8.58848e-02
  3.90000e+00	  6.81280e-02
  3.91000e+00	  4.89808e-02
  3.92000e+00	  4.47834e-02
  3.93000e+00	  6.57336e-02
  3.94000e+00	  8.03402e-02
  3.95000e+00	  6.66301e-02
  3.96000e+00	  3.63598e-02
  3.97000e+00	  9.82230e-03
  3.98000e+00	 -1.24242e-02
  3.99000e+00	 -3.31197e-02
  4.00000e+00	 -4.42934e-02
  4.01000e+00	 -3.95367e-02
  4.02000e+00	 -3.13479e-02
  4.03000e+00	 -3.54958e-02
  4.04000e+00	 -1.11129e-01
  4.05000e+00	 -1.83310e-01
  4.06000e+00	 -1.65681e-01
  4.07000e+00	 -1.00333e-01
  4.08000e+00	 -8.83768e-02
  4.09000e+00	 -1.41092e-01
  4.10000e+00	 -1.53421e-01
  4.11000e+00	 -9.76347e-02
  4.12000e+00	 -5.01660e-02
  4.13000e+00	 -5.39540e-02
  4.14000e+00	 -6.83214e-02
  4.15000e+00	 -5.10661e-02
  4.16000e+00	 -1.44790e-02
  4.17000e+00	 -1.38634e-03
  4.18000e+00	 -1.95235e-02
  4.19000e+00	 -2.52064e-02
  4.20000e+00	 -4.23846e-02
  4.21000e+00	 -9.60941e-02
  4.22000e+00	 -1.55103e-01
  4.23000e+00	 -1.80443e-01
  4.24000e+00	 -1.69679e-01
  4.25000e+00	 -1.55945e-01
  4.26000e+00	 -1.59959e-01
  4.27000e+00	 -1.40986e-01
  4.28000e+00	 -7.37783e-02
  4.29000e+00	  1.24372e-02
  4.30000e+00	  8.90039e-02
  4.31000e+00	  1.35112e-01
  4.32000e+00	  1.49638e-01
  4.33000e+00	  1.47322e-01
  4.34000e+00	  1.42830e-01
  4.35000e+00	  1.81126e-01
  4.36000e+00	  2.05522e-01
  4.37000e+00	  1.67686e-01
  4.38000e+00	  1.08224e-01
  4.39000e+00	  6.57426e-02
  4.40000e+00	  6.19711e-02
  4.41000e+00	  5.97952e-02
  4.42000e+00	  6.49207e-03
  4.43000e+00	 -8.56688e-02
  4.44000e+00	 -1.43397e-01
  4.45000e+00	 -1.22487e-01
  4.46000e+00	 -5.76255e-02
  4.47000e+00	  1.16271e-03
  4.48000e+00	  4.68399e-02
  4.49000e+00	  8.90096e-02
  4.50000e+00	  1.03810e-01
  4.51000e+00	  5.71656e-02
  4.52000e+00	 -9.27142e-03
  4.53000e+00	 -2.76238e-02
  4.54000e+00	 -2.36799e-03
  4.55000e+00	 -6.24049e-03
  4.56000e+00	 -8.45189e-02
  4.57000e+00	 -2.00227e-01
  4.58000e+00	 -2.53151e-01
  4.59000e+00	 -1.84254e-01
  4.60000e+00	 -5.91886e-02
  4.61000e+00	 -1.66089e-02
  4.62000e+00	 -6.65575e-02
  4.63000e+00	 -1.14428e-01
  4.64000e+00	 -8.48841e-02
  4.65000e+00	 -2.32783e-03
  4.66000e+00	  2.54981e-02
  4.67000e+00	 -3.03439e-02
  4.68000e+00	 -1.08238e-01
  4.69000e+00	 -1.22810e-01
  4.70000e+00	 -5.77161e-02
  4.71000e+00	  1.09315e-02
  4.72000e+00	  8.03004e-04
  4.73000e+00	 -6.25709e-02
  4.74000e+00	 -5.93005e-02
  4.75000e+00	  2.68357e-02
  4.76000e+00	  1.14072e-01
  4.77000e+00	  1.11301e-01
  4.78000e+00	  4.24001e-02
  4.79000e+00	  4.93752e-02
  4.80000e+00	  1.52090e-01
  4.81000e+00	  2.44947e-01
  4.82000e+00	  2.37050e-01
  4.83000e+00	  1.58661e-01
  4.84000e+00	  8.34936e-02
  4.85000e+00	  2.88879e-02
  4.86000e+00	 -2.17438e-02
  4.87000e+00	 -7.80772e-02
  4.88000e+00	 -1.27636e-01
  4.89000e+00	 -1.26631e-01
  4.90000e+00	 -7.63481e-02
  4.91000e+00	 -2.06063e-02
  4.92000e+00	  2.39329e-02
  4.93000e+00	  6.28046e-02
  4.94000e+00	  1.00109e-01
  4.95000e+00	  7.44686e-02
  4.96000e+00	 -1.96984e-02
  4.97000e+00	 -6.37466e-02
  4.98000e+00	 -2.29547e-02
  4.99000e+00	  8.30582e-03
  5.00000e+00	 -1.14574e-02
  5.01000e+00	 -4.37559e-02
  5.02000e+00	 -5.29293e-02
  5.03000e+00	 -4.64578e-02
  5.04000e+00	 -4.24451e-02
  5.05000e+00	 -4.50111e-02
  5.06000e+00	 -4.77192e-02
  5.07000e+00	 -4.23209e-02
  5.08000e+00	 -8.59888e-03
  5.09000e+00	  4.83598e-02
  5.10000e+00	  1.04193e-01
  5.11000e+00	  1.15128e-01
  5.12000e+00	  8.16915e-02
  5.13000e+00	  4.24435e-02
  5.14000e+00	  1.29711e-02
  5.15000e+00	 -1.20369e-02
  5.16000e+00	 -3.94112e-02
  5.17000e+00	 -6.33765e-02
  5.18000e+00	 -7.54788e-02
  5.19000e+00	 -7.83813e-02
  5.20000e+00	 -8.06376e-02
  5.21000e+00	 -8.27890e-02
  5.22000e+00	 -8.31666e-02
  5.23000e+00	 -8.22983e-02
  5.24000e+00	 -8.60317e-02
  5.25000e+00	 -9.90052e-02
  5.26000e+00	 -1.17453e-01
  5.27000e+00	 -1.35517e-01
  5.28000e+00	 -1.50020e-01
  5.29000e+00	 -1.45941e-01
  5.30000e+00	 -1.15877e-01
  5.31000e+00	 -7.49228e-02
  5.32000e+00	 -3.70387e-02
  5.33000e+00	 -3.44694e-03
  5.34000e+00	  2.88843e-02
  5.35000e+00	  5.26964e-02
  5.36000e+00	  6.59382e-02
  5.37000e+00	  7.52815e-02
  5.38000e+00	  7.51593e-02
  5.39000e+00	  5.99366e-02
  5.40000e+00	  3.72026e-02
  5.41000e+00	  1.60157e-02
  5.42000e+00	  2.64042e-03
  5.43000e+00	  1.77635e-03
  5.44000e+00	  8.89382e-03
  5.45000e+00	  1.36658e-02
  5.46000e+00	  1.56219e-02
  5.47000e+00	  2.47168e-02
  5.48000e+00	  3.59027e-02
  5.49000e+00	  2.56235e-02
  5.50000e+00	 -5.11851e-03
  5.51000e+00	 -3.49900e-02
  5.52000e+00	 -1.52938e-02
  5.53000e+00	  4.43856e-02
  5.54000e+00	  6.43200e-02
  5.55000e+00	  3.09952e-02
  5.56000e+00	 -1.14081e-02
  5.57000e+00	 -3.41616e-02
  5.58000e+00	 -2.62057e-02
  5.59000e+00	 -1.15137e-02
  5.60000e+00	 -1.89102e-02
  5.61000e+00	 -4.09291e-02
  5.62000e+00	 -5.29335e-02
  5.63000e+00	 -4.26510e-02
  5.64000e+00	 -3.83106e-02
  5.65000e+00	 -6.06489e-02
  5.66000e+00	 -7.68517e-02
  5.67000e+00	 -3.97483e-02
  5.68000e+00	  2.46033e-02
  5.69000e+00	  4.53377e-02
  5.70000e+00	  2.07405e-02
  5.71000e+00	  1.94635e-02
  5.72000e+00	  6.33005e-02
  5.73000e+00	  9.52941e-02
  5.74000e+00	  9.93174e-02
  5.75000e+00	  9.13841e-02
  5.76000e+00	  6.41482e-02
  5.77000e+00	  3.49222e-02
  5.78000e+00	  4.09544e-02
  5.79000e+00	  6.86733e-02
  5.80000e+00	  7.74151e-02
  5.81000e+00	  6.47542e-02
  5.82000e+00	  5.02626e-02
  5.83000e+00	  4.91572e-02
  5.84000e+00	  6.35617e-02
  5.85000e+00	  8.39007e-02
  5.86000e+00	  9.33891e-02
  5.87000e+00	  7.93943e-02
  5.88000e+00	  4.99210e-02
  5.89000e+00	  2.14264e-02
  5.90000e+00	 -7.69073e-04
  5.91000e+00	 -1.85104e-02
  5.92000e+00	 -3.62562e-02
  5.93000e+00	 -5.37967e-02
  5.94000e+00	 -7.06777e-02
  5.95000e+00	 -8.61302e-02
  5.96000e+00	 -9.99046e-02
  5.97000e+00	 -9.10010e-02
  5.98000e+00	 -5.50945e-02
  5.99000e+00	 -4.16228e-02
  6.00000e+00	 -9.47959e-02
  6.01000e+00	 -1.18976e-01
  6.02000e+00	 -6.21716e-02
  6.03000e+00	 -1.21209e-02
  6.04000e+00	 -1.76148e-02
  6.05000e+00	 -4.62868e-02
  6.06000e+00	 -5.38839e-02
  6.07000e+00	 -2.05365e-02
  6.08000e+00	  3.38903e-02
  6.09000e+00	  5.40678e-02
  6.10000e+00	  2.64981e-02
  6.11000e+00	 -1.45273e-02
  6.12000e+00	 -2.51545e-02
  6.13000e+00	  1.46287e-02
  6.14000e+00	  7.67711e-02
  6.15000e+00	  9.36590e-02
  6.16000e+00	  6.99968e-02
  6.17000e+00	  9.65648e-02
  6.18000e+00	  1.87717e-01
  6.19000e+00	  2.86743e-01
  6.20000e+00	  3.42296e-01
  6.21000e+00	  3.47712e-01
  6.22000e+00	  3.50728e-01
  6.23000e+00	  3.75536e-01
  6.24000e+00	  4.06312e-01
  6.25000e+00	  4.30404e-01
  6.26000e+00	  4.46326e-01
  6.27000e+00	  4.11181e-01
  6.28000e+00	  2.90948e-01
  6.29000e+00	  1.73307e-01
  6.30000e+00	  1.20514e-01
  6.31000e+00	  9.89836e-02
  6.32000e+00	  6.67382e-02
  6.33000e+00	  2.04543e-02
  6.34000e+00	 -2.33364e-02
  6.35000e+00	 -5.93285e-02
  6.36000e+00	 -8.05475e-02
  6.37000e+00	 -8.45721e-02
  6.38000e+00	 -8.71281e-02
  6.39000e+00	 -9.86277e-02
  6.40000e+00	 -1.13185e-01
  6.41000e+00	 -1.16259e-01
  6.42000e+00	 -1.06444e-01
  6.43000e+00	 -9.52317e-02
  6.44000e+00	 -9.38848e-02
  6.45000e+00	 -1.23188e-01
  6.46000e+00	 -1.64024e-01
  6.47000e+00	 -1.71389e-01
  6.48000e+00	 -1.46745e-01
  6.49000e+00	 -1.18962e-01
  6.50000e+00	 -9.97674e-02
  6.51000e+00	 -8.38017e-02
  6.52000e+00	 -7.04050e-02
  6.53000e+00	 -5.79544e-02
  6.54000e+00	 -3.25375e-02
  6.55000e+00	  5.48987e-03
  6.56000e+00	  3.12074e-02
  6.57000e+00	  3.77406e-02
  6.58000e+00	  3.67669e-02
  6.59000e+00	  2.73520e-02
  6.60000e+00	  9.85001e-03
  6.61000e+00	  2.19613e-03
  6.62000e+00	  1.26952e-02
  6.63000e+00	  3.02624e-02
  6.64000e+00	  4.45710e-02
  6.65000e+00	  4.80427e-02
  6.66000e+00	  4.99425e-02
  6.67000e+00	  5.95197e-02
  6.68000e+00	  7.14880e-02
  6.69000e+00	  8.14537e-02
  6.70000e+00	  8.95596e-02
  6.71000e+00	  9.66172e-02
  6.72000e+00	  9.01345e-02
  6.73000e+00	  6.24434e-02
  6.74000e+00	  2.56452e-02
  6.75000e+00	 -4.64668e-03
  6.76000e+00	 -2.20642e-02
  6.77000e+00	 -3.19509e-02
  6.78000e+00	 -4.19992e-02
  6.79000e+00	 -4.95616e-02
  6.80000e+00	 -4.57673e-02
  6.81000e+00	 -3.27098e-02
  6.82000e+00	 -3.21410e-02
  6.83000e+00	 -5.26759e-02
  6.84000e+00	 -8.82334e-02
  6.85000e+00	 -1.27678e-01
  6.86000e+00	 -1.64677e-01
  6.87000e+00	 -1.99257e-01
  6.88000e+00	 -2.33076e-01
  6.89000e+00	 -2.66057e-01
  6.90000e+00	 -2.96354e-01
  6.91000e+00	 -3.04672e-01
  6.92000e+00	 -2.88028e-01
  6.93000e+00	 -2.69325e-01
  6.94000e+00	 -2.88431e-01
  6.95000e+00	 -3.26171e-01
  6.96000e+00	 -3.06097e-01
  6.97000e+00	 -2.26692e-01
  6.98000e+00	 -1.43347e-01
  6.99000e+00	 -1.04879e-01
  7.00000e+00	 -1.06608e-01
  7.01000e+00	 -8.74855e-02
  7.02000e+00	 -2.88833e-02
  7.03000e+00	  3.78747e-02
  7.04000e+00	  5.90102e-02
  7.05000e+00	  3.50708e-02
  7.06000e+00	  1.32483e-02
  7.07000e+00	  3.61233e-02
  7.08000e+00	  9.35729e-02
  7.09000e+00	  1.49941e-01
  7.10000e+00	  1.96149e-01
  7.11000e+00	  2.37902e-01
  7.12000e+00	  2.73700e-01
  7.13000e+00	  2.99766e-01
  7.14000e+00	  3.19831e-01
  7.15000e+00	  3.38935e-01
  7.16000e+00	  3.56890e-01
  7.17000e+00	  3.50778e-01
  7.18000e+00	  2.85302e-01
  7.19000e+00	  1.78837e-01
  7.20000e+00	  9.36310e-02
  7.21000e+00	  6.33587e-02
  7.22000e+00	  5.48557e-02
  7.23000e+00	  2.42200e-02
  7.24000e+00	 -2.02542e-02
  7.25000e+00	 -4.03046e-02
  7.26000e+00	 -3.19257e-02
  7.27000e+00	 -1.99748e-02
  7.28000e+00	 -1.48076e-02
  7.29000e+00	 -1.36972e-02
  7.30000e+00	 -2.68806e-02
  7.31000e+00	 -6.07278e-02
  7.32000e+00	 -9.04795e-02
  7.33000e+00	 -1.05514e-01
  7.34000e+00	 -1.38478e-01
  7.35000e+00	 -2.01501e-01
  7.36000e+00	 -2.69344e-01
  7.37000e+00	 -3.13492e-01
  7.38000e+00	 -3.03469e-01
  7.39000e+00	 -2.61106e-01
  7.40000e+00	 -2.45267e-01
  7.41000e+00	 -2.63553e-01
  7.42000e+00	 -2.56898e-01
  7.43000e+00	 -1.89990e-01
  7.44000e+00	 -1.15088e-01
  7.45000e+00	 -8.29804e-02
  7.46000e+00	 -7.48643e-02
  7.47000e+00	 -4.98726e-02
  7.48000e+00	 -3.75518e-03
  7.49000e+00	  3.41044e-02
  7.50000e+00	  5.17370e-02
  7.51000e+00	  6.01729e-02
  7.52000e+00	  6.98853e-02
  7.53000e+00	  6.86225e-02
  7.54000e+00	  5.25456e-02
  7.55000e+00	  2.38429e-02
  7.56000e+00	 -1.23536e-02
  7.57000e+00	 -4.90929e-02
  7.58000e+00	 -8.21838e-02
  7.59000e+00	 -9.18696e-02
  7.60000e+00	 -6.94288e-02
  7.61000e+00	 -6.26486e-02
  7.62000e+00	 -9.79350e-02
  7.63000e+00	 -1.15210e-01
  7.64000e+00	 -7.52449e-02
  7.65000e+00	 -1.00232e-02
  7.66000e+00	  4.59027e-02
  7.67000e+00	  7.51364e-02
  7.68000e+00	  7.77380e-02
  7.69000e+00	  7.44946e-02
  7.70000e+00	  8.83021e-02
  7.71000e+00	  1.15329e-01
  7.72000e+00	  1.40427e-01
  7.73000e+00	  1.43288e-01
  7.74000e+00	  1.15789e-01
  7.75000e+00	  8.93701e-02
  7.76000e+00	  8.32713e-02
  7.77000e+00	  6.45831e-02
  7.78000e+00	  2.03869e-02
  7.79000e+00	 -3.04128e-02
  7.80000e+00	 -7.36480e-02
  7.81000e+00	 -1.07652e-01
  7.82000e+00	 -1.22358e-01
  7.83000e+00	 -1.15884e-01
  7.84000e+00	 -1.00439e-01
  7.85000e+00	 -8.54418e-02
  7.86000e+00	 -5.64117e-02
  7.87000e+00	  8.58414e-04
  7.88000e+00	  7.16870e-02
  7.89000e+00	  1.06807e-01
  7.90000e+00	  8.60937e-02
  7.91000e+00	  4.25010e-02
  7.92000e+00	  1.49509e-02
  7.93000e+00	  1.61496e-03
  7.94000e+00	 -1.83088e-02
  7.95000e+00	 -4.58863e-02
  7.96000e+00	 -6.55391e-02
  7.97000e+00	 -7.31175e-02
  7.98000e+00	 -7.79133e-02
  7.99000e+00	 -8.20827e-02
  8.00000e+00	 -7.43401e-02
  8.01000e+00	 -5.33698e-02
  8.02000e+00	 -3.08258e-02
  8.03000e+00	 -1.59456e-02
  8.04000e+00	 -2.28079e-02
  8.05000e+00	 -3.32618e-02
  8.06000e+00	 -1.97784e-02
  8.07000e+00	  6.87544e-03
  8.08000e+00	  1.07514e-02
  8.09000e+00	 -1.17950e-02
  8.10000e+00	 -3.65480e-02
  8.11000e+00	 -4.20204e-02
  8.12000e+00	 -2.28066e-02
  8.13000e+00	 -9.05381e-04
  8.14000e+00	  5.79340e-03
  8.15000e+00	  5.81596e-03
  8.16000e+00	  7.43023e-03
  8.17000e+00	  3.00500e-03
  8.18000e+00	 -7.84899e-03
  8.19000e+00	 -1.47801e-02
  8.20000e+00	 -4.57982e-03
  8.21000e+00	 -1.18659e-03
  8.22000e+00	 -1.88421e-02
  8.23000e+00	 -4.27159e-02
  8.24000e+00	 -4.92746e-02
  8.25000e+00	 -3.63948e-02
  8.26000e+00	 -1.95303e-02
  8.27000e+00	 -1.85382e-03
  8.28000e+00	  2.92323e-02
  8.29000e+00	  5.64215e-02
  8.30000e+00	  5.22244e-02
  8.31000e+00	  2.77220e-02
  8.32000e+00	  2.86985e-02
  8.33000e+00	  7.09533e-02
  8.34000e+00	  1.26374e-01
  8.35000e+00	  1.69516e-01
  8.36000e+00	  1.68790e-01
  8.37000e+00	  1.31445e-01
  8.38000e+00	  9.64181e-02
  8.39000e+00	  6.92326e-02
  8.40000e+00	  3.83975e-02
  8.41000e+00	  4.18804e-03
  8.42000e+00	 -5.17842e-04
  8.43000e+00	  3.00428e-02
  8.44000e+00	  6.79269e-02
  8.45000e+00	  9.66467e-02
  8.46000e+00	  9.52074e-02
  8.47000e+00	  6.21122e-02
  8.48000e+00	  3.48330e-02
  8.49000e+00	  2.33011e-02
  8.50000e+00	  9.41866e-03
  8.51000e+00	 -1.16257e-02
  8.52000e+00	 -2.54045e-02
  8.53000e+00	 -2.27947e-02
  8.54000e+00	 -1.91244e-02
  8.55000e+00	 -2.98805e-02
  8.56000e+00	 -3.18464e-02
  8.57000e+00	  9.95855e-03
  8.58000e+00	  8.19004e-02
  8.59000e+00	  1.44391e-01
  8.60000e+00	  1.68939e-01
  8.61000e+00	  1.66767e-01
  8.62000e+00	  1.63880e-01
  8.63000e+00	  1.55247e-01
  8.64000e+00	  1.20522e-01
  8.65000e+00	  6.55941e-02
  8.66000e+00	  1.12332e-02
  8.67000e+00	 -3.59354e-02
  8.68000e+00	 -7.59607e-02
  8.69000e+00	 -1.12180e-01
  8.70000e+00	 -1.46756e-01
  8.71000e+00	 -1.77844e-01
  8.72000e+00	 -1.77153e-01
  8.73000e+00	 -1.41923e-01
  8.74000e+00	 -9.99739e-02
  8.75000e+00	 -6.58594e-02
  8.76000e+00	 -4.45468e-02
  8.77000e+00	 -3.90397e-02
  8.78000e+00	 -3.54441e-02
  8.79000e+00	 -3.92670e-03
  8.80000e+00	  4.94763e-02
  8.81000e+00	  8.23853e-02
  8.82000e+00	  7.34870e-02
  8.83000e+00	  4.45537e-02
  8.84000e+00	  2.83703e-02
  8.85000e+00	  4.06802e-02
  8.86000e+00	  6.91048e-02
  8.87000e+00	  9.50434e-02
  8.88000e+00	  1.16305e-01
  8.89000e+00	  1.36969e-01
  8.90000e+00	  1.56535e-01
  8.91000e+00	  1.41951e-01
  8.92000e+00	  1.12808e-01
  8.93000e+00	  1.02812e-01
  8.94000e+00	  9.41496e-02
  8.95000e+00	  6.82706e-02
  8.96000e+00	  3.11604e-02
  8.97000e+00	 -2.91041e-03
  8.98000e+00	 -2.84114e-02
  8.99000e+00	 -4.27747e-02
  9.00000e+00	 -5.08082e-02
  9.01000e+00	 -5.77311e-02
  9.02000e+00	 -6.09784e-02
  9.03000e+00	 -6.16270e-02
  9.04000e+00	 -6.97629e-02
  9.05000e+00	 -8.52190e-02
  9.06000e+00	 -9.46172e-02
  9.07000e+00	 -8.65276e-02
  9.08000e+00	 -6.83985e-02
  9.09000e+00	 -6.16681e-02
  9.10000e+00	 -7.02457e-02
  9.11000e+00	 -6.53092e-02
  9.12000e+00	 -3.72079e-02
  9.13000e+00	 -3.81009e-03
  9.14000e+00	  1.89442e-02
  9.15000e+00	  2.18284e-02
  9.16000e+00	  2.78406e-02
  9.17000e+00	  5.13609e-02
  9.18000e+00	  8.02039e-02
  9.19000e+00	  1.04203e-01
  9.20000e+00	  1.15252e-01
  9.21000e+00	  9.48047e-02
  9.22000e+00	  4.86430e-02
  9.23000e+00	  6.54528e-03
  9.24000e+00	 -1.65022e-02
  9.25000e+00	 -2.68938e-02
  9.26000e+00	 -2.07825e-02
  9.27000e+00	  5.64028e-03
  9.28000e+00	  3.72895e-02
  9.29000e+00	  4.77823e-02
  9.30000e+00	  2.24968e-02
  9.31000e+00	  1.06719e-02
  9.32000e+00	  3.75235e-02
  9.33000e+00	  7.63404e-02
  9.34000e+00	  8.76397e-02
  9.35000e+00	  5.11723e-02
  9.36000e+00	 -2.96274e-03
  9.37000e+00	 -2.58171e-02
  9.38000e+00	 -2.43827e-02
  9.39000e+00	 -3.53787e-02
  9.40000e+00	 -6.43422e-02
  9.41000e+00	 -9.39393e-02
  9.42000e+00	 -1.06532e-01
  9.43000e+00	 -7.91219e-02
  9.44000e+00	 -2.18780e-02
  9.45000e+00	  3.58001e-02
  9.46000e+00	  7.43737e-02
  9.47000e+00	  8.96047e-02
  9.48000e+00	  9.47274e-02
  9.49000e+00	  1.00193e-01
  9.50000e+00	  9.36763e-02
  9.51000e+00	  5.68337e-02
  9.52000e+00	  1.70602e-03
  9.53000e+00	 -2.42168e-02
  9.54000e+00	 -1.12850e-02
  9.55000e+00	  9.40004e-03
  9.56000e+00	  1.48191e-02
  9.57000e+00	  6.64540e-03
  9.58000e+00	  6.24188e-03
  9.59000e+00	  1.76213e-02
  9.60000e+00	  2.56735e-02
  9.61000e+00	  1.89163e-02
  9.62000e+00	 -3.76338e-03
  9.63000e+00	 -3.44474e-02
  9.64000e+00	 -6.32226e-02
  9.65000e+00	 -8.71872e-02
  9.66000e+00	 -8.58301e-02
  9.67000e+00	 -5.95563e-02
  9.68000e+00	 -3.11742e-02
  9.69000e+00	 -4.01268e-02
  9.70000e+00	 -8.66635e-02
  9.71000e+00	 -1.20685e-01
  9.72000e+00	 -1.06273e-01
  9.73000e+00	 -6.22568e-02
  9.74000e+00	 -3.04804e-02
  9.75000e+00	 -2.74122e-02
  9.76000e+00	 -3.32155e-02
  9.77000e+00	 -3.87472e-02
  9.78000e+00	 -4.98708e-02
  9.79000e+00	 -6.42519e-02
  9.80000e+00	 -7.32176e-02
  9.81000e+00	 -6.43359e-02
  9.82000e+00	 -4.32473e-02
  9.83000e+00	 -2.21589e-02
  9.84000e+00	 -1.26237e-02
  9.85000e+00	 -4.28843e-02
  9.86000e+00	 -9.49697e-02
  9.87000e+00	 -9.47738e-02
  9.88000e+00	 -3.97761e-02
  9.89000e+00	  8.15227e-03
  9.90000e+00	  9.43875e-03
  9.91000e+00	 -1.35091e-02
  9.92000e+00	  1.07810e-03
  9.93000e+00	  6.79807e-02
  9.94000e+00	  1.02731e-01
  9.95000e+00	  7.10096e-02
  9.96000e+00	  2.10445e-02
  9.97000e+00	  7.95384e-03
  9.98000e+00	  4.09469e-02
  9.99000e+00	  7.14826e-02
  1.00000e+01	  7.06313e-02
  1.00100e+01	  5.25246e-02
  1.00200e+01	  3.65911e-02
  1.00300e+01	  2.60160e-02
  1.00400e+01	  1.76652e-02
  1.00500e+01	  1.97379e-02
  1.00600e+01	  3.33892e-02
  1.00700e+01	  4.92600e-02
  1.00800e+01	  6.26551e-02
  1.00900e+01	  7.43941e-02
  1.01000e+01	  8.40195e-02
  1.01100e+01	  5.87807e-02
  1.01200e+01	  6.67106e-04
  1.01300e+01	 -2.38711e-02
  1.01400e+01	 -1.48991e-02
  1.01500e+01	 -3.73102e-02
  1.01600e+01	 -7.65123e-02
  1.01700e+01	 -8.50430e-02
  1.01800e+01	 -9.03066e-02
  1.01900e+01	 -1.04635e-01
  1.02000e+01	 -1.03412e-01
  1.02100e+01	 -8.38016e-02
  1.02200e+01	 -6.54117e-02
  1.02300e+01	 -7.00106e-02
  1.02400e+01	 -9.20157e-02
  1.02500e+01	 -1.06198e-01
  1.02600e+01	 -9.42443e-02
  1.02700e+01	 -6.52241e-02
  1.02800e+01	 -3.61962e-02
  1.02900e+01	  5.86403e-03
  1.03000e+01	  5.50264e-02
  1.03100e+01	  7.39517e-02
  1.03200e+01	  6.19811e-02
  1.03300e+01	  5.91331e-02
  1.03400e+01	  8.33976e-02
  1.03500e+01	  1.18255e-01
  1.03600e+01	  1.47263e-01
  1.03700e+01	  1.49139e-01
  1.03800e+01	  1.00464e-01
  1.03900e+01	  2.95290e-02
  1.04000e+01	  1.79045e-02
  1.04100e+01	  6.95948e-02
  1.04200e+01	  9.34872e-02
  1.04300e+01	  5.55984e-02
  1.04400e+01	  2.92641e-03
  1.04500e+01	 -1.49747e-02
  1.04600e+01	  5.79802e-03
  1.04700e+01	  3.73473e-02
  1.04800e+01	  6.01640e-02
  1.04900e+01	  5.00866e-02
  1.05000e+01	  5.57161e-03
  1.05100e+01	 -2.98253e-02
  1.05200e+01	 -3.03365e-02
  1.05300e+01	 -1.33306e-02
  1.05400e+01	 -4.61265e-03
  1.05500e+01	  3.37832e-03
  1.05600e+01	  2.09502e-03
  1.05700e+01	 -2.25840e-02
  1.05800e+01	 -5.90287e-02
  1.05900e+01	 -6.92617e-02
  1.06000e+01	 -4.64006e-02
  1.06100e+01	 -1.76875e-02
  1.06200e+01	  3.28844e-03
  1.06300e+01	  3.01368e-02
  1.06400e+01	  7.01663e-02
  1.06500e+01	  1.12421e-01
  1.06600e+01	  1.41823e-01
  1.06700e+01	  1.20831e-01
  1.06800e+01	  5.82037e-02
  1.06900e+01	  3.82870e-02
  1.07000e+01	  6.31282e-02
  1.07100e+01	  6.27526e-02
  1.07200e+01	  2.54807e-02
  1.07300e+01	  1.01513e-03
  1.07400e+01	  1.02530e-02
  1.07500e+01	  2.92264e-02
  1.07600e+01	  3.96987e-02
  1.07700e+01	  2.48395e-02
  1.07800e+01	 -1.36427e-02
  1.07900e+01	 -5.75844e-02
  1.08000e+01	 -9.69369e-02
  1.08100e+01	 -1.33054e-01
  1.08200e+01	 -1.67320e-01
  1.08300e+01	 -1.70820e-01
  1.08400e+01	 -1.23721e-01
  1.08500e+01	 -5.35437e-02
  1.08600e+01	 -1.16516e-02
  1.08700e+01	 -3.11705e-02
  1.08800e+01	 -6.20387e-02
  1.08900e+01	 -4.79368e-02
  1.09000e+01	 -3.32070e-03
  1.09100e+01	  3.14081e-02
  1.09200e+01	  1.66685e-02
  1.09300e+01	 -2.28667e-02
  1.09400e+01	 -2.26881e-02
  1.09500e+01	  1.86956e-02
  1.09600e+01	  6.11943e-02
  1.09700e+01	  5.75755e-02
  1.09800e+01	  1.19771e-02
  1.09900e+01	 -3.33452e-03
  1.10000e+01	  2.99995e-02
  1.10100e+01	  6.94705e-02
  1.10200e+01	  4.42869e-02
  1.10300e+01	 -3.00738e-02
  1.10400e+01	 -5.81754e-02
  1.10500e+01	 -2.83368e-02
  1.10600e+01	  4.59531e-04
  1.10700e+01	 -1.69719e-02
  1.10800e+01	 -6.25844e-02
  1.10900e+01	 -9.22536e-02
  1.11000e+01	 -7.66375e-02
  1.11100e+01	 -3.50518e-02
  1.11200e+01	 -2.08111e-02
  1.11300e+01	 -5.44521e-02
  1.11400e+01	 -7.92610e-02
  1.11500e+01	 -4.95733e-02
  1.11600e+01	  5.18684e-03
  1.11700e+01	  1.77335e-02
  1.11800e+01	 -1.61205e-02
  1.11900e+01	 -5.45589e-02
  1.12000e+01	 -7.75355e-02
  1.12100e+01	 -8.72652e-02
  1.12200e+01	 -9.38735e-02
  1.12300e+01	 -1.01254e-01
  1.12400e+01	 -9.78291e-02
  1.12500e+01	 -6.88565e-02
  1.12600e+01	 -2.36384e-02
  1.12700e+01	  5.81022e-03
  1.12800e+01	 -3.25443e-03
  1.12900e+01	 -2.77702e-02
  1.13000e+01	 -1.46292e-02
  1.13100e+01	  3.60283e-02
  1.13200e+01	  8.68336e-02
  1.13300e+01	  8.09827e-02
  1.13400e+01	  1.91631e-02
  1.13500e+01	 -3.19429e-02
  1.13600e+01	 -1.53890e-02
  1.13700e+01	  1.64292e-02
  1.13800e+01	  6.50392e-04
  1.13900e+01	 -4.22182e-02
  1.14000e+01	 -6.36632e-02
  1.14100e+01	 -2.49406e-02
  1.14200e+01	  4.78631e-02
  1.14300e+01	  7.41903e-02
  1.14400e+01	  3.66177e-02
  1.14500e+01	 -1.30780e-02
  1.14600e+01	 -3.55058e-02
  1.14700e+01	 -2.20909e-02
  1.14800e+01	  2.20124e-03
  1.14900e+01	  8.49983e-03
  1.15000e+01	 -3.22691e-02
  1.15100e+01	 -1.02475e-01
  1.15200e+01	 -1.47047e-01
  1.15300e+01	 -1.07393e-01
  1.15400e+01	 -1.07882e-02
  1.15500e+01	  5.08441e-02
  1.15600e+01	  2.60470e-02
  1.15700e+01	 -4.26324e-02
  1.15800e+01	 -9.27916e-02
  1.15900e+01	 -5.90038e-02
  1.16000e+01	  4.15989e-02
  1.16100e+01	  1.39776e-01
  1.16200e+01	  1.41952e-01
  1.16300e+01	  5.44439e-02
  1.16400e+01	 -2.84908e-02
  1.16500e+01	 -4.33712e-02
  1.16600e+01	 -1.07276e-02
  1.16700e+01	 -1.43324e-02
  1.16800e+01	 -2.16687e-02
  1.16900e+01	  1.24561e-02
  1.17000e+01	  3.54788e-02
  1.17100e+01	  1.76074e-02
  1.17200e+01	  1.31649e-02
  1.17300e+01	  5.90347e-02
  1.17400e+01	  1.26532e-01
  1.17500e+01	  1.42027e-01
  1.17600e+01	  8.45690e-02
  1.17700e+01	  3.66703e-02
  1.17800e+01	  6.05475e-02
  1.17900e+01	  1.24755e-01
  1.18000e+01	  1.73323e-01
  1.18100e+01	  1.51869e-01
  1.18200e+01	  7.46215e-02
  1.18300e+01	 -1.94195e-03
  1.18400e+01	 -3.75987e-02
  1.18500e+01	 -2.55450e-02
  1.18600e+01	 -3.21238e-02
  1.18700e+01	 -9.07296e-02
  1.18800e+01	 -1.66636e-01
  1.18900e+01	 -1.81537e-01
  1.19000e+01	 -1.32302e-01
  1.19100e+01	 -7.60355e-02
  1.19200e+01	 -4.39692e-02
  1.19300e+01	 -3.68738e-02
  1.19400e+01	 -3.13533e-02
  1.19500e+01	 -6.53206e-03
  1.19600e+01	  3.12892e-02
  1.19700e+01	  6.62385e-02
  1.19800e+01	  7.89546e-02
  1.19900e+01	  7.95353e-02
  1.20000e+01	  9.06961e-02
  1.20100e+01	  1.09522e-01
  1.20200e+01	  9.74573e-02
  1.20300e+01	  5.63633e-02
  1.20400e+01	  4.31503e-02
  1.20500e+01	  6.83551e-02
  1.20600e+01	  1.00143e-01
  1.20700e+01	  1.14575e-01
  1.20800e+01	  9.50662e-02
  1.20900e+01	  6.49320e-02
  1.21000e+01	  5.78775e-02
  1.21100e+01	  6.81067e-02
  1.21200e+01	  7.04538e-02
  1.21300e+01	  4.45125e-02
  1.21400e+01	  6.76116e-04
  1.21500e+01	 -4.16261e-02
  1.21600e+01	 -7.65482e-02
  1.21700e+01	 -9.23261e-02
  1.21800e+01	 -8.78399e-02
  1.21900e+01	 -7.80542e-02
  1.22000e+01	 -7.12925e-02
  1.22100e+01	 -7.82084e-02
  1.22200e+01	 -1.16691e-01
  1.22300e+01	 -1.54730e-01
  1.22400e+01	 -1.29325e-01
  1.22500e+01	 -5.30095e-02
  1.22600e+01	  1.52071e-02
  1.22700e+01	  8.77582e-04
  1.22800e+01	 -8.22436e-02
  1.22900e+01	 -1.34221e-01
  1.23000e+01	 -1.09268e-01
  1.23100e+01	 -4.94960e-02
  1.23200e+01	 -1.56131e-02
  1.23300e+01	 -2.32168e-02
  1.23400e+01	 -3.02145e-02
  1.23500e+01	 -3.95964e-03
  1.23600e+01	 -2.27932e-03
  1.23700e+01	 -4.85922e-02
  1.23800e+01	 -7.52345e-02
  1.23900e+01	 -5.54419e-02
  1.24000e+01	 -2.31462e-02
  1.24100e+01	 -1.19427e-02
  1.24200e+01	 -3.43823e-02
  1.24300e+01	 -7.23287e-02
  1.24400e+01	 -9.40304e-02
  1.24500e+01	 -7.05654e-02
  1.24600e+01	 -1.69461e-02
  1.24700e+01	  1.27726e-02
  1.24800e+01	 -1.36156e-02
  1.24900e+01	 -6.74553e-02
  1.25000e+01	 -6.97438e-02
  1.25100e+01	 -3.39073e-03
  1.25200e+01	  3.38966e-02
  1.25300e+01	  5.40469e-03
  1.25400e+01	 -1.82605e-02
  1.25500e+01	 -1.02700e-02
  1.25600e+01	 -4.81281e-03
  1.25700e+01	 -2.91315e-03
  1.25800e+01	  1.16705e-02
  1.25900e+01	  3.61959e-02
  1.26000e+01	  5.96668e-02
  1.26100e+01	  7.72791e-02
  1.26200e+01	  9.20390e-02
  1.26300e+01	  1.07315e-01
  1.26400e+01	  1.21597e-01
  1.26500e+01	  1.19329e-01
  1.26600e+01	  9.60602e-02
  1.26700e+01	  8.02993e-02
  1.26800e+01	  8.47264e-02
  1.26900e+01	  9.67064e-02
  1.27000e+01	  1.03405e-01
  1.27100e+01	  9.00637e-02
  1.27200e+01	  5.62914e-02
  1.27300e+01	  4.67789e-02
  1.27400e+01	  8.44666e-02
  1.27500e+01	  1.35684e-01
  1.27600e+01	  1.22583e-01
  1.27700e+01	  4.52017e-02
  1.27800e+01	 -2.23175e-02
  1.27900e+01	 -2.04158e-02
  1.28000e+01	  2.93078e-02
  1.28100e+01	  6.23547e-02
  1.28200e+01	  2.32818e-02
  1.28300e+01	 -3.32197e-02
  1.28400e+01	 -2.22734e-02
  1.28500e+01	  3.61451e-02
  1.28600e+01	  6.47391e-02
  1.28700e+01	  3.82139e-02
  1.28800e+01	 -3.24384e-03
  1.28900e+01	 -3.31609e-02
  1.29000e+01	 -4.00167e-02
  1.29100e+01	 -3.36443e-02
  1.29200e+01	 -2.68735e-02
  1.29300e+01	 -2.32469e-02
  1.29400e+01	 -1.93519e-02
  1.29500e+01	 -1.71794e-02
  1.29600e+01	 -2.43473e-02
  1.29700e+01	 -2.80204e-02
  1.29800e+01	 -4.28371e-03
  1.29900e+01	  3.86405e-02
  1.30000e+01	  8.17798e-02
  1.30100e+01	  1.16874e-01
  1.30200e+01	  1.37584e-01
  1.30300e+01	  1.36154e-01
  1.30400e+01	  1.23327e-01
  1.30500e+01	  1.12498e-01
  1.30600e+01	  1.16571e-01
  1.30700e+01	  1.31111e-01
  1.30800e+01	  1.42821e-01
  1.30900e+01	  1.03871e-01
  1.31000e+01	  2.68910e-02
  1.31100e+01	 -7.18307e-03
  1.31200e+01	  1.24362e-02
  1.31300e+01	  3.91163e-02
  1.31400e+01	  2.09022e-02
  1.31500e+01	 -2.44100e-02
  1.31600e+01	 -3.26845e-02
  1.31700e+01	 -7.82615e-04
  1.31800e+01	  3.46818e-02
  1.31900e+01	  4.25917e-02
  1.32000e+01	  1.93829e-02
  1.32100e+01	 -1.46293e-02
  1.32200e+01	 -4.24946e-02
  1.32300e+01	 -6.32653e-02
  1.32400e+01	 -8.77025e-02
  1.32500e+01	 -1.27070e-01
  1.32600e+01	 -1.75766e-01
  1.32700e+01	 -2.21787e-01
  1.32800e+01	 -2.53350e-01
  1.32900e+01	 -2.50576e-01
  1.33000e+01	 -2.20884e-01
  1.33100e+01	 -1.91334e-01
  1.33200e+01	 -1.70360e-01
  1.33300e+01	 -1.46480e-01
  1.33400e+01	 -1.05252e-01
  1.33500e+01	 -6.74325e-02
  1.33600e+01	 -6.20975e-02
  1.33700e+01	 -8.10775e-02
  1.33800e+01	 -9.97685e-02
  1.33900e+01	 -1.09341e-01
  1.34000e+01	 -1.14312e-01
  1.34100e+01	 -1.20842e-01
  1.34200e+01	 -1.28314e-01
  1.34300e+01	 -1.33089e-01
  1.34400e+01	 -9.75339e-02
  1.34500e+01	 -5.59427e-03
  1.34600e+01	  6.90864e-02
  1.34700e+01	  7.19276e-02
  1.34800e+01	  3.82174e-02
  1.34900e+01	  3.39362e-02
  1.35000e+01	  8.13605e-02
  1.35100e+01	  1.25989e-01
  1.35200e+01	  1.22895e-01
  1.35300e+01	  9.14500e-02
  1.35400e+01	  8.00478e-02
  1.35500e+01	  1.01983e-01
  1.35600e+01	  1.34282e-01
  1.35700e+01	  1.49785e-01
  1.35800e+01	  1.26969e-01
  1.35900e+01	  7.81913e-02
  1.36000e+01	  4.68356e-02
  1.36100e+01	  4.74831e-02
  1.36200e+01	  5.88750e-02
  1.36300e+01	  2.69324e-02
  1.36400e+01	 -2.23226e-02
  1.36500e+01	 -3.01007e-02
  1.36600e+01	 -2.45653e-02
  1.36700e+01	 -4.96854e-02
  1.36800e+01	 -7.02727e-02
  1.36900e+01	 -5.69474e-02
  1.37000e+01	 -2.96697e-02
  1.37100e+01	 -8.46178e-03
  1.37200e+01	  2.14071e-04
  1.37300e+01	 -5.23397e-04
  1.37400e+01	 -7.09930e-03
  1.37500e+01	 -2.15114e-02
  1.37600e+01	 -4.23253e-02
  1.37700e+01	 -6.34890e-02
  1.37800e+01	 -8.26679e-02
  1.37900e+01	 -1.00612e-01
  1.38000e+01	 -1.17907e-01
  1.38100e+01	 -1.34003e-01
  1.38200e+01	 -1.37013e-01
  1.38300e+01	 -1.19809e-01
  1.38400e+01	 -9.38005e-02
  1.38500e+01	 -6.97464e-02
  1.38600e+01	 -4.89692e-02
  1.38700e+01	 -2.75381e-02
  1.38800e+01	 -4.40218e-03
  1.38900e+01	  2.63963e-02
  1.39000e+01	  6.98647e-02
  1.39100e+01	  1.19001e-01
  1.39200e+01	  1.55480e-01
  1.39300e+01	  1.71440e-01
  1.39400e+01	  1.82681e-01
  1.39500e+01	  1.98285e-01
  1.39600e+01	  2.03780e-01
  1.39700e+01	  1.94422e-01
  1.39800e+01	  1.81419e-01
  1.39900e+01	  1.71388e-01
  1.40000e+01	  1.63476e-01
  1.40100e+01	  1.55752e-01
  1.40200e+01	  1.49313e-01
  1.40300e+01	  1.44290e-01
  1.40400e+01	  1.39445e-01
  1.40500e+01	  1.28462e-01
  1.40600e+01	  1.10163e-01
  1.40700e+01	  9.02088e-02
  1.40800e+01	  7.28004e-02
  1.40900e+01	  6.95293e-02
  1.41000e+01	  8.03647e-02
  1.41100e+01	  8.91221e-02
  1.41200e+01	  7.17048e-02
  1.41300e+01	  3.26753e-02
  1.41400e+01	  3.88370e-03
  1.41500e+01	 -4.91257e-03
  1.41600e+01	 -1.73717e-02
  1.41700e+01	 -6.17666e-02
  1.41800e+01	 -1.27326e-01
  1.41900e+01	 -1.70225e-01
  1.42000e+01	 -1.72670e-01
  1.42100e+01	 -1.62736e-01
  1.42200e+01	 -1.66482e-01
  1.42300e+01	 -1.76473e-01
  1.42400e+01	 -1.68653e-01
  1.42500e+01	 -1.45027e-01
  1.42600e+01	 -1.37795e-01
  1.42700e+01	 -1.55627e-01
  1.42800e+01	 -1.77788e-01
  1.42900e+01	 -1.94251e-01
  1.43000e+01	 -2.07700e-01
  1.43100e+01	 -2.19828e-01
  1.43200e+01	 -2.00057e-01
  1.43300e+01	 -1.44246e-01
  1.43400e+01	 -8.02471e-02
  1.43500e+01	 -1.33574e-02
  1.43600e+01	  3.82707e-02
  1.43700e+01	  5.86346e-02
  1.43800e+01	  7.80839e-02
  1.43900e+01	  1.15173e-01
  1.44000e+01	  1.58974e-01
  1.44100e+01	  1.95755e-01
  1.44200e+01	  2.04218e-01
  1.44300e+01	  1.62934e-01
  1.44400e+01	  1.11513e-01
  1.44500e+01	  9.33280e-02
  1.44600e+01	  9.71477e-02
  1.44700e+01	  8.51248e-02
  1.44800e+01	  5.07686e-02
  1.44900e+01	  2.05043e-02
  1.45000e+01	  1.48356e-02
  1.45100e+01	  1.56910e-02
  1.45200e+01	  2.85683e-03
  1.45300e+01	 -1.71111e-02
  1.45400e+01	 -2.37471e-02
  1.45500e+01	 -1.45679e-02
  1.45600e+01	 -1.20159e-02
  1.45700e+01	 -2.72149e-02
  1.45800e+01	 -5.03813e-02
  1.45900e+01	 -7.04347e-02
  1.46000e+01	 -8.69648e-02
  1.46100e+01	 -1.02574e-01
  1.46200e+01	 -1.18539e-01
  1.46300e+01	 -1.36848e-01
  1.46400e+01	 -1.55632e-01
  1.46500e+01	 -1.62927e-01
  1.46600e+01	 -1.49805e-01
  1.46700e+01	 -1.25824e-01
  1.46800e+01	 -1.09009e-01
  1.46900e+01	 -1.04879e-01
  1.47000e+01	 -9.28179e-02
  1.47100e+01	 -6.39957e-02
  1.47200e+01	 -3.27687e-02
  1.47300e+01	 -2.27782e-02
  1.47400e+01	 -2.36175e-02
  1.47500e+01	 -7.78689e-03
  1.47600e+01	  2.29024e-02
  1.47700e+01	  5.37587e-02
  1.47800e+01	  7.80307e-02
  1.47900e+01	  8.77495e-02
  1.48000e+01	  8.14513e-02
  1.48100e+01	  7.62970e-02
  1.48200e+01	  7.94452e-02
  1.48300e+01	  7.81618e-02
  1.48400e+01	  6.13904e-02
  1.48500e+01	  3.60216e-02
  1.48600e+01	  1.21364e-02
  1.48700e+01	 -7.10084e-03
  1.48800e+01	 -8.47346e-03
  1.48900e+01	  1.36308e-02
  1.49000e+01	  4.43585e-02
  1.49100e+01	  6.95222e-02
  1.49200e+01	  6.57365e-02
  1.49300e+01	  3.79396e-02
  1.49400e+01	  3.55696e-02
  1.49500e+01	  7.42962e-02
  1.49600e+01	  1.24803e-01
  1.49700e+01	  1.64919e-01
  1.49800e+01	  1.68090e-01
  1.49900e+01	  1.30750e-01
  1.50000e+01	  8.15387e-02
  1.50100e+01	  6.18985e-02
  1.50200e+01	  8.71519e-02
  1.50300e+01	  1.00589e-01
  1.50400e+01	  7.92312e-02
  1.50500e+01	  7.36723e-02
  1.50600e+01	  8.29356e-02
  1.50700e+01	  8.08408e-02
  1.50800e+01	  7.87847e-02
  1.50900e+01	  8.82215e-02
  1.51000e+01	  1.00611e-01
  1.51100e+01	  8.10563e-02
  1.51200e+01	  2.94981e-02
  1.51300e+01	 -4.22188e-04
  1.51400e+01	  1.40246e-02
  1.51500e+01	  4.50375e-02
  1.51600e+01	  5.65337e-02
  1.51700e+01	  4.00673e-02
  1.51800e+01	  2.77087e-02
  1.51900e+01	  3.60271e-02
  1.52000e+01	  5.12276e-02
  1.52100e+01	  6.06257e-02
  1.52200e+01	  4.96695e-02
  1.52300e+01	  1.67738e-02
  1.52400e+01	 -2.32004e-02
  1.52500e+01	 -5.86381e-02
  1.52600e+01	 -7.23313e-02
  1.52700e+01	 -7.84958e-02
  1.52800e+01	 -1.09227e-01
  1.52900e+01	 -1.59489e-01
  1.53000e+01	 -1.90360e-01
  1.53100e+01	 -1.61150e-01
  1.53200e+01	 -9.23889e-02
  1.53300e+01	 -4.90291e-02
  1.53400e+01	 -5.14585e-02
  1.53500e+01	 -6.54812e-02
  1.53600e+01	 -5.34152e-02
  1.53700e+01	 -2.57312e-02
  1.53800e+01	 -2.56769e-02
  1.53900e+01	 -4.79398e-02
  1.54000e+01	 -6.23423e-02
  1.54100e+01	 -6.53617e-02
  1.54200e+01	 -6.25777e-02
  1.54300e+01	 -4.68210e-02
  1.54400e+01	 -1.94243e-02
  1.54500e+01	  3.12837e-03
  1.54600e+01	  8.05588e-03
  1.54700e+01	  1.73129e-03
  1.54800e+01	 -4.31191e-03
  1.54900e+01	 -1.07003e-02
  1.55000e+01	 -2.15078e-02
  1.55100e+01	 -3.50564e-02
  1.55200e+01	 -4.75322e-02
  1.55300e+01	 -4.90721e-02
  1.55400e+01	 -2.49593e-02
  1.55500e+01	  1.56691e-02
  1.55600e+01	  4.53499e-02
  1.55700e+01	  5.93596e-02
  1.55800e+01	  6.97184e-02
  1.55900e+01	  7.50493e-02
  1.56000e+01	  5.20842e-02
  1.56100e+01	  9.97875e-03
  1.56200e+01	 -1.08543e-02
  1.56300e+01	 -1.54592e-02
  1.56400e+01	 -2.76270e-02
  1.56500e+01	 -4.79971e-02
  1.56600e+01	 -6.64208e-02
  1.56700e+01	 -6.60365e-02
  1.56800e+01	 -4.93706e-02
  1.56900e+01	 -3.13605e-02
  1.57000e+01	 -1.60335e-02
  1.57100e+01	  3.00185e-03
  1.57200e+01	  2.72850e-02
  1.57300e+01	  5.19015e-02
  1.57400e+01	  7.31178e-02
  1.57500e+01	  7.52873e-02
  1.57600e+01	  5.41720e-02
  1.57700e+01	  3.81860e-02
  1.57800e+01	  3.93427e-02
  1.57900e+01	  3.17991e-02
  1.58000e+01	  1.13083e-03
  1.58100e+01	 -2.67825e-02
  1.58200e+01	 -2.24995e-02
  1.58300e+01	  4.92750e-03
  1.58400e+01	  3.15522e-02
  1.58500e+01	  5.08364e-02
  1.58600e+01	  6.07004e-02
  1.58700e+01	  6.29669e-02
  1.58800e+01	  5.57258e-02
  1.58900e+01	  3.78833e-02
  1.59000e+01	  1.63641e-02
  1.59100e+01	 -6.58844e-04
  1.59200e+01	 -1.54478e-02
  1.59300e+01	 -3.82892e-02
  1.59400e+01	 -6.81311e-02
  1.59500e+01	 -9.27599e-02
  1.59600e+01	 -9.57620e-02
  1.59700e+01	 -8.17218e-02
  1.59800e+01	 -6.80886e-02
  1.59900e+01	 -6.00966e-02
  1.60000e+01	 -5.24463e-02
  1.60100e+01	 -3.91675e-02
  1.60200e+01	 -2.43340e-02
  1.60300e+01	 -2.27981e-02
  1.60400e+01	 -3.49916e-02
  1.60500e+01	 -4.87947e-02
  1.60600e+01	 -5.92920e-02
  1.60700e+01	 -6.80512e-02
  1.60800e+01	 -7.70051e-02
  1.60900e+01	 -8.54221e-02
  1.61000e+01	 -9.00631e-02
  1.61100e+01	 -8.81416e-02
  1.61200e+01	 -8.72100e-02
  1.61300e+01	 -9.91069e-02
  1.61400e+01	 -1.20531e-01
  1.61500e+01	 -1.28849e-01
  1.61600e+01	 -1.18853e-01
  1.61700e+01	 -1.04253e-01
  1.61800e+01	 -9.39367e-02
  1.61900e+01	 -9.23595e-02
  1.62000e+01	 -9.80544e-02
  1.62100e+01	 -1.05122e-01
  1.62200e+01	 -1.11484e-01
  1.62300e+01	 -1.15865e-01
  1.62400e+01	 -1.01039e-01
  1.62500e+01	 -6.01917e-02
  1.62600e+01	 -2.15818e-02
  1.62700e+01	 -1.97473e-03
  1.62800e+01	  8.35060e-03
  1.62900e+01	  2.09017e-02
  1.63000e+01	  3.49186e-02
  1.63100e+01	  4.24446e-02
  1.63200e+01	  4.02767e-02
  1.63300e+01	  2.39931e-02
  1.63400e+01	 -3.59355e-03
  1.63500e+01	 -3.15097e-02
  1.63600e+01	 -5.56006e-02
  1.63700e+01	 -5.72534e-02
  1.63800e+01	 -3.56589e-02
  1.63900e+01	 -8.53228e-03
  1.64000e+01	  1.82997e-02
  1.64100e+01	  5.90913e-02
  1.64200e+01	  1.14156e-01
  1.64300e+01	  1.66026e-01
  1.64400e+01	  1.88542e-01
  1.64500e+01	  1.93908e-01
  1.64600e+01	  2.06523e-01
  1.64700e+01	  2.24319e-01
  1.64800e+01	  2.20035e-01
  1.64900e+01	  1.64417e-01
  1.65000e+01	  8.36100e-02
  1.65100e+01	  3.16475e-02
  1.65200e+01	  1.28970e-02
  1.65300e+01	 -1.20558e-03
  1.65400e+01	 -2.27345e-02
  1.65500e+01	 -4.51598e-02
  1.65600e+01	 -5.13560e-02
  1.65700e+01	 -3.18955e-02
  1.65800e+01	  3.48113e-04
  1.65900e+01	  3.05812e-02
  1.66000e+01	  5.64364e-02
  1.66100e+01	  7.99488e-02
  1.66200e+01	  7.95139e-02
  1.66300e+01	  5.02806e-02
  1.66400e+01	  1.39254e-02
  1.66500e+01	 -1.69675e-02
  1.66600e+01	 -4.37290e-02
  1.66700e+01	 -7.04638e-02
  1.66800e+01	 -8.84695e-02
  1.66900e+01	 -7.98306e-02
  1.67000e+01	 -5.01201e-02
  1.67100e+01	 -1.94520e-02
  1.67200e+01	  4.20830e-03
  1.67300e+01	  1.71875e-02
  1.67400e+01	  2.34220e-02
  1.67500e+01	  3.57664e-02
  1.67600e+01	  5.77241e-02
  1.67700e+01	  7.80594e-02
  1.67800e+01	  7.30125e-02
  1.67900e+01	  4.49366e-02
  1.68000e+01	  2.67835e-02
  1.68100e+01	  2.73929e-02
  1.68200e+01	  2.49199e-02
  1.68300e+01	  9.33249e-03
  1.68400e+01	 -8.48073e-03
  1.68500e+01	 -4.72505e-03
  1.68600e+01	  2.49198e-02
  1.68700e+01	  6.06543e-02
  1.68800e+01	  9.14046e-02
  1.68900e+01	  1.18358e-01
  1.69000e+01	  1.44618e-01
  1.69100e+01	  1.52760e-01
  1.69200e+01	  1.42533e-01
  1.69300e+01	  1.37910e-01
  1.69400e+01	  1.44257e-01
  1.69500e+01	  1.38440e-01
  1.69600e+01	  1.14214e-01
  1.69700e+01	  8.61329e-02
  1.69800e+01	  6.73584e-02
  1.69900e+01	  6.27696e-02
  1.70000e+01	  6.45720e-02
  1.70100e+01	  4.90946e-02
  1.70200e+01	  1.03441e-02
  1.70300e+01	 -3.41468e-02
  1.70400e+01	 -6.24311e-02
  1.70500e+01	 -6.55251e-02
  1.70600e+01	 -6.31215e-02
  1.70700e+01	 -7.54157e-02
  1.70800e+01	 -9.83331e-02
  1.70900e+01	 -1.18674e-01
  1.71000e+01	 -1.33548e-01
  1.71100e+01	 -1.47384e-01
  1.71200e+01	 -1.62410e-01
  1.71300e+01	 -1.76551e-01
  1.71400e+01	 -1.80826e-01
  1.71500e+01	 -1.62181e-01
  1.71600e+01	 -1.28356e-01
  1.71700e+01	 -9.56550e-02
  1.71800e+01	 -7.61303e-02
  1.71900e+01	 -6.77859e-02
  1.72000e+01	 -5.62482e-02
  1.72100e+01	 -3.19438e-02
  1.72200e+01	 -4.53046e-05
  1.72300e+01	  2.95373e-02
  1.72400e+01	  4.55822e-02
  1.72500e+01	  4.34773e-02
  1.72600e+01	  3.30249e-02
  1.72700e+01	  2.10564e-02
  1.72800e+01	  1.67377e-03
  1.72900e+01	 -1.83316e-02
  1.73000e+01	 -1.53688e-02
  1.73100e+01	  7.89023e-03
  1.73200e+01	  2.00813e-02
  1.73300e+01	  1.13950e-02
  1.73400e+01	  2.44955e-03
  1.73500e+01	  8.12547e-03
  1.73600e+01	  2.26601e-02
  1.73700e+01	  3.50171e-02
  1.73800e+01	  4.12998e-02
  1.73900e+01	  4.06153e-02
  1.74000e+01	  3.66269e-02
  1.74100e+01	  3.58169e-02
  1.74200e+01	  4.12523e-02
  1.74300e+01	  4.89813e-02
  1.74400e+01	  5.14195e-02
  1.74500e+01	  3.93824e-02
  1.74600e+01	  1.71498e-02
  1.74700e+01	 -5.05821e-03
  1.74800e+01	 -2.40979e-02
  1.74900e+01	 -4.20888e-02
  1.75000e+01	 -5.99939e-02
  1.75100e+01	 -7.36357e-02
  1.75200e+01	 -7.88573e-02
  1.75300e+01	 -6.66295e-02
  1.75400e+01	 -3.20967e-02
  1.75500e+01	  1.22358e-02
  1.75600e+01	  5.12995e-02
  1.75700e+01	  6.80005e-02
  1.75800e+01	  6.59099e-02
  1.75900e+01	  5.99399e-02
  1.76000e+01	  4.63316e-02
  1.76100e+01	  2.27974e-02
  1.76200e+01	 -3.36549e-03
  1.76300e+01	 -2.72340e-02
  1.76400e+01	 -4.76483e-02
  1.76500e+01	 -4.99457e-02
  1.76600e+01	 -2.89193e-02
  1.76700e+01	 -3.21832e-04
  1.76800e+01	  2.51662e-02
  1.76900e+01	  4.70148e-02
  1.77000e+01	  6.71320e-02
  1.77100e+01	  6.00235e-02
  1.77200e+01	  2.29089e-02
  1.77300e+01	 -1.92244e-02
  1.77400e+01	 -5.02566e-02
  1.77500e+01	 -6.49234e-02
  1.77600e+01	 -7.09922e-02
  1.77700e+01	 -7.68306e-02
  1.77800e+01	 -7.78812e-02
  1.77900e+01	 -6.41260e-02
  1.78000e+01	 -3.95631e-02
  1.78100e+01	 -1.52409e-02
  1.78200e+01	  3.30297e-03
  1.78300e+01	  1.12135e-02
  1.78400e+01	  1.12988e-02
  1.78500e+01	  1.05375e-02
  1.78600e+01	  1.11471e-02
  1.78700e+01	  1.12691e-02
  1.78800e+01	 -7.20806e-04
  1.78900e+01	 -2.65728e-02
  1.79000e+01	 -5.45397e-02
  1.79100e+01	 -7.03588e-02
  1.79200e+01	 -6.27377e-02
  1.79300e+01	 -4.09390e-02
  1.79400e+01	 -1.84880e-02
  1.79500e+01	  3.99352e-03
  1.79600e+01	  2.93233e-02
  1.79700e+01	  5.54193e-02
  1.79800e+01	  7.88884e-02
  1.79900e+01	  8.03333e-02
  1.80000e+01	  5.98509e-02
  1.80100e+01	  4.43724e-02
  1.80200e+01	  4.78311e-02
  1.80300e+01	  5.72649e-02
  1.80400e+01	  5.73980e-02
  1.80500e+01	  5.30492e-02
  1.80600e+01	  5.77346e-02
  1.80700e+01	  7.15560e-02
  1.80800e+01	  8.55224e-02
  1.80900e+01	  9.18835e-02
  1.81000e+01	  9.03413e-02
  1.81100e+01	  8.95926e-02
  1.81200e+01	  9.43279e-02
  1.81300e+01	  1.01504e-01
  1.81400e+01	  1.07139e-01
  1.81500e+01	  1.11433e-01
  1.81600e+01	  1.14557e-01
  1.81700e+01	  1.14655e-01
  1.81800e+01	  1.10166e-01
  1.81900e+01	  9.83345e-02
  1.82000e+01	  8.09212e-02
  1.82100e+01	  6.34002e-02
  1.82200e+01	  4.61232e-02
  1.82300e+01	  2.62709e-02
  1.82400e+01	  4.81657e-03
  1.82500e+01	 -7.05553e-03
  1.82600e+01	 -5.54642e-03
  1.82700e+01	  6.03594e-04
  1.82800e+01	  5.05297e-03
  1.82900e+01	  7.40428e-03
  1.83000e+01	  8.52847e-03
  1.83100e+01	  8.69541e-03
  1.83200e+01	  8.66789e-03
  1.83300e+01	  8.38918e-03
  1.83400e+01	  5.45769e-03
  1.83500e+01	 -8.83948e-03
  1.83600e+01	 -3.30383e-02
  1.83700e+01	 -5.79190e-02
  1.83800e+01	 -7.95999e-02
  1.83900e+01	 -9.78215e-02
  1.84000e+01	 -1.11359e-01
  1.84100e+01	 -1.21363e-01
  1.84200e+01	 -1.30379e-01
  1.84300e+01	 -1.39153e-01
  1.84400e+01	 -1.42475e-01
  1.84500e+01	 -1.38393e-01
  1.84600e+01	 -1.31527e-01
  1.84700e+01	 -1.23304e-01
  1.84800e+01	 -1.11409e-01
  1.84900e+01	 -9.66330e-02
  1.85000e+01	 -8.18299e-02
  1.85100e+01	 -6.79005e-02
  1.85200e+01	 -4.93017e-02
  1.85300e+01	 -2.45707e-02
  1.85400e+01	  1.34449e-03
  1.85500e+01	  2.50899e-02
  1.85600e+01	  4.31357e-02
  1.85700e+01	  4.37636e-02
  1.85800e+01	  2.89696e-02
  1.85900e+01	  1.23977e-02
  1.86000e+01	 -8.30127e-04
  1.86100e+01	 -1.24331e-02
  1.86200e+01	 -2.47725e-02
  1.86300e+01	 -3.68882e-02
  1.86400e+01	 -4.35562e-02
  1.86500e+01	 -3.77136e-02
  1.86600e+01	 -2.35252e-02
  1.86700e+01	 -9.91368e-03
  1.86800e+01	  9.28242e-06
  1.86900e+01	  8.48099e-03
  1.87000e+01	  1.76334e-02
  1.87100e+01	  2.72017e-02
  1.87200e+01	  3.20000e-02
  1.87300e+01	  3.10143e-02
  1.87400e+01	  2.85024e-02
  1.87500e+01	  2.68719e-02
  1.87600e+01	  2.56408e-02
  1.87700e+01	  2.07397e-02
  1.87800e+01	  7.51183e-03
  1.87900e+01	 -1.12214e-02
  1.88000e+01	 -2.95313e-02
  1.88100e+01	 -4.51194e-02
  1.88200e+01	 -4.81501e-02
  1.88300e+01	 -3.55701e-02
  1.88400e+01	 -1.79720e-02
  1.88500e+01	 -8.10952e-03
  1.88600e+01	 -1.14909e-02
  1.88700e+01	 -1.54146e-02
  1.88800e+01	 -1.01833e-02
  1.88900e+01	 -2.80875e-04
  1.89000e+01	  8.16499e-03
  1.89100e+01	  1.44892e-02
  1.89200e+01	  1.91822e-02
  1.89300e+01	  2.05549e-02
  1.89400e+01	  1.89980e-02
  1.89500e+01	  1.67120e-02
  1.89600e+01	  1.10761e-02
  1.89700e+01	 -7.91359e-05
  1.89800e+01	 -1.37846e-02
  1.89900e+01	 -2.67455e-02
  1.90000e+01	 -3.84224e-02
  1.90100e+01	 -4.96465e-02
  1.90200e+01	 -6.07149e-02
  1.90300e+01	 -7.11862e-02
  1.90400e+01	 -7.78891e-02
  1.90500e+01	 -7.64332e-02
  1.90600e+01	 -7.07609e-02
  1.90700e+01	 -6.88106e-02
  1.90800e+01	 -7.10794e-02
  1.90900e+01	 -7.36868e-02
  1.91000e+01	 -7.50166e-02
  1.91100e+01	 -7.54446e-02
  1.91200e+01	 -6.81236e-02
  1.91300e+01	 -4.88335e-02
  1.91400e+01	 -2.43293e-02
  1.91500e+01	 -1.31973e-03
  1.91600e+01	  1.92870e-02
  1.91700e+01	  3.91092e-02
  1.91800e+01	  5.56960e-02
  1.91900e+01	  6.35797e-02
  1.92000e+01	  5.95141e-02
  1.92100e+01	  4.53767e-02
  1.92200e+01	  2.75791e-02
  1.92300e+01	  1.14577e-02
  1.92400e+01	  4.56316e-03
  1.92500e+01	  1.40638e-02
  1.92600e+01	  3.33078e-02
  1.92700e+01	  5.12644e-02
  1.92800e+01	  5.90950e-02
  1.92900e+01	  5.90860e-02
  1.93000e+01	  6.00140e-02
  1.93100e+01	  6.69255e-02
  1.93200e+01	  7.74597e-02
  1.93300e+01	  8.68324e-02
  1.93400e+01	  8.73619e-02
  1.93500e+01	  7.61382e-02
  1.93600e+01	  6.03377e-02
  1.93700e+01	  4.57378e-02
  1.93800e+01	  3.04601e-02
  1.93900e+01	  1.18639e-02
  1.94000e+01	 -7.72411e-03
  1.94100e+01	 -2.38409e-02
  1.94200e+01	 -3.34979e-02
  1.94300e+01	 -3.94907e-02
  1.94400e+01	 -4.37867e-02
  1.94500e+01	 -4.56784e-02
  1.94600e+01	 -4.52751e-02
  1.94700e+01	 -4.40110e-02
  1.94800e+01	 -3.54919e-02
  1.94900e+01	 -1.89069e-02
  1.95000e+01	 -1.21673e-03
  1.95100e+01	  9.36194e-03
  1.95200e+01	  1.24520e-02
  1.95300e+01	  1.51278e-02
  1.95400e+01	  2.17261e-02
  1.95500e+01	  3.07405e-02
  1.95600e+01	  3.89414e-02
  1.95700e+01	  4.52082e-02
  1.95800e+01	  4.64175e-02
  1.95900e+01	  4.92476e-02
  1.96000e+01	  5.80688e-02
  1.96100e+01	  6.45548e-02
  1.96200e+01	  6.10645e-02
  1.96300e+01	  5.09939e-02
  1.96400e+01	  4.31935e-02
  1.96500e+01	  4.27243e-02
  1.96600e+01	  4.65530e-02
  1.96700e+01	  4.22362e-02
  1.96800e+01	  2.82254e-02
  1.96900e+01	  1.27195e-02
  1.97000e+01	 -1.13426e-04
  1.97100e+01	 -1.08719e-02
  1.97200e+01	 -1.62994e-02
  1.97300e+01	 -1.62111e-02
  1.97400e+01	 -1.48598e-02
  1.97500e+01	 -1.45404e-02
  1.97600e+01	 -1.71240e-02
  1.97700e+01	 -2.35550e-02
  1.97800e+01	 -3.19052e-02
  1.97900e+01	 -3.99288e-02
  1.98000e+01	 -4.71432e-02
  1.98100e+01	 -5.37957e-02
  1.98200e+01	 -5.60397e-02
  1.98300e+01	 -5.14364e-02
  1.98400e+01	 -4.36313e-02
  1.98500e+01	 -3.63819e-02
  1.98600e+01	 -3.02201e-02
  1.98700e+01	 -2.42027e-02
  1.98800e+01	 -1.80028e-02
  1.98900e+01	 -1.22323e-02
  1.99000e+01	 -1.09544e-02
  1.99100e+01	 -1.72178e-02
  1.99200e+01	 -2.73936e-02
  1.99300e+01	 -3.67057e-02
  1.99400e+01	 -3.95309e-02
  1.99500e+01	 -3.58733e-02
  1.99600e+01	 -3.07852e-02
  1.99700e+01	 -2.67359e-02
  1.99800e+01	 -2.30493e-02
  1.99900e+01	 -1.88367e-02
  2.00000e+01	 -1.44497e-02
  2.00100e+01	 -1.03491e-02
  2.00200e+01	 -6.56450e-03
  2.00300e+01	 -3.88265e-03
  2.00400e+01	 -8.94726e-03
  2.00500e+01	 -2.12866e-02
  2.00600e+01	 -2.49155e-02
  2.00700e+01	 -1.47574e-02
  2.00800e+01	 -1.13065e-03
  2.00900e+01	  8.42516e-03
  2.01000e+01	  1.31772e-02
  2.01100e+01	  1.73100e-02
  2.01200e+01	  2.24357e-02
  2.01300e+01	  2.75304e-02
  2.01400e+01	  3.16715e-02
  2.01500e+01	  3.20588e-02
  2.01600e+01	  2.79490e-02
  2.01700e+01	  2.21322e-02
  2.01800e+01	  1.59815e-02
  2.01900e+01	  7.51955e-03
  2.02000e+01	 -3.30926e-03
  2.02100e+01	 -1.33868e-02
  2.02200e+01	 -1.53123e-02
  2.02300e+01	 -9.00189e-03
  2.02400e+01	  9.00099e-04
  2.02500e+01	  1.16582e-02
  2.02600e+01	  2.17342e-02
  2.02700e+01	  3.06543e-02
  2.02800e+01	  3.55194e-02
  2.02900e+01	  3.67686e-02
  2.03000e+01	  3.71668e-02
  2.03100e+01	  3.81698e-02
  2.03200e+01	  3.92598e-02
  2.03300e+01	  4.00553e-02
  2.03400e+01	  4.13352e-02
  2.03500e+01	  4.38000e-02
  2.03600e+01	  4.66988e-02
  2.03700e+01	  4.93339e-02
  2.03800e+01	  5.15723e-02
  2.03900e+01	  5.33287e-02
  2.04000e+01	  5.04360e-02
  2.04100e+01	  3.96112e-02
  2.04200e+01	  2.45697e-02
  2.04300e+01	  1.03172e-02
  2.04400e+01	 -2.14194e-03
  2.04500e+01	 -1.39147e-02
  2.04600e+01	 -2.53582e-02
  2.04700e+01	 -3.37556e-02
  2.04800e+01	 -3.86199e-02
  2.04900e+01	 -4.23939e-02
  2.05000e+01	 -4.63823e-02
  2.05100e+01	 -5.02118e-02
  2.05200e+01	 -5.09308e-02
  2.05300e+01	 -4.66397e-02
  2.05400e+01	 -3.97758e-02
  2.05500e+01	 -3.34200e-02
  2.05600e+01	 -2.87478e-02
  2.05700e+01	 -3.10162e-02
  2.05800e+01	 -3.98833e-02
  2.05900e+01	 -4.94804e-02
  2.06000e+01	 -5.71867e-02
  2.06100e+01	 -6.20804e-02
  2.06200e+01	 -5.90344e-02
  2.06300e+01	 -4.86718e-02
  2.06400e+01	 -3.75578e-02
  2.06500e+01	 -2.82415e-02
  2.06600e+01	 -2.01195e-02
  2.06700e+01	 -1.25941e-02
  2.06800e+01	 -6.54474e-03
  2.06900e+01	 -1.65852e-03
  2.07000e+01	  2.69277e-03
  2.07100e+01	  7.01444e-03
  2.07200e+01	  1.10671e-02
  2.07300e+01	  1.48465e-02
  2.07400e+01	  1.82665e-02
  2.07500e+01	  2.14503e-02
  2.07600e+01	  2.34711e-02
  2.07700e+01	  2.44547e-02
  2.07800e+01	  2.50437e-02
  2.07900e+01	  2.56953e-02
  2.08000e+01	  2.62567e-02
  2.08100e+01	  2.67975e-02
  2.08200e+01	  2.73961e-02
  2.08300e+01	  2.81813e-02
  2.08400e+01	  2.88325e-02
  2.08500e+01	  2.93601e-02
  2.08600e+01	  2.93159e-02
  2.08700e+01	  2.81441e-02
  2.08800e+01	  2.60304e-02
  2.08900e+01	  2.39911e-02
  2.09000e+01	  2.21401e-02
  2.09100e+01	  2.04366e-02
  2.09200e+01	  1.81132e-02
  2.09300e+01	  1.52603e-02
  2.09400e+01	  1.22907e-02
  2.09500e+01	  9.68884e-03
  2.09600e+01	  7.15737e-03
  2.09700e+01	  3.54288e-03
  2.09800e+01	 -3.33865e-03
  2.09900e+01	 -1.21738e-02
  2.10000e+01	 -2.06191e-02
  2.10100e+01	 -2.76684e-02
  2.10200e+01	 -3.41085e-02
  2.10300e+01	 -3.99936e-02
  2.10400e+01	 -4.46841e-02
  2.10500e+01	 -3.77931e-02
  2.10600e+01	 -2.63954e-02
  2.10700e+01	 -2.16530e-02
  2.10800e+01	 -2.10328e-02
  2.10900e+01	 -1.99965e-02
  2.11000e+01	 -1.73756e-02
  2.11100e+01	 -1.49341e-02
  2.11200e+01	 -1.36004e-02
  2.11300e+01	 -1.33486e-02
  2.11400e+01	 -1.32828e-02
  2.11500e+01	 -1.30838e-02
  2.11600e+01	 -1.23957e-02
  2.11700e+01	 -9.02237e-03
  2.11800e+01	 -3.07084e-03
  2.11900e+01	  2.88725e-03
  2.12000e+01	  7.91920e-03
  2.12100e+01	  1.22155e-02
  2.12200e+01	  1.63003e-02
  2.12300e+01	  2.00674e-02
  2.12400e+01	  2.34208e-02
  2.12500e+01	  2.62924e-02
  2.12600e+01	  2.87187e-02
  2.12700e+01	  2.97326e-02
  2.12800e+01	  2.86623e-02
  2.12900e+01	  2.64472e-02
  2.13000e+01	  2.43430e-02
  2.13100e+01	  2.25857e-02
  2.13200e+01	  2.09678e-02
  2.13300e+01	  1.96367e-02
  2.13400e+01	  1.87312e-02
  2.13500e+01	  1.79187e-02
  2.13600e+01	  1.70356e-02
  2.13700e+01	  1.60405e-02
  2.13800e+01	  1.44560e-02
  2.13900e+01	  1.18043e-02
  2.14000e+01	  8.72062e-03
  2.14100e+01	  5.94929e-03
  2.14200e+01	  3.71651e-03
  2.14300e+01	  2.14663e-03
  2.14400e+01	  1.10581e-03
  2.14500e+01	  2.30717e-04
  2.14600e+01	 -5.63688e-04
  2.14700e+01	 -1.13482e-03
  2.14800e+01	 -1.22284e-03
  2.14900e+01	 -1.00003e-03
  2.15000e+01	 -6.65417e-04
  2.15100e+01	 -3.08553e-04
  2.15200e+01	  3.28764e-05
  2.15300e+01	  3.37229e-04
  2.15400e+01	  7.71959e-04
  2.15500e+01	  1.41006e-03
  2.15600e+01	  2.06876e-03
  2.15700e+01	  2.57305e-03
  2.15800e+01	  2.92629e-03
  2.15900e+01	  3.17209e-03
  2.16000e+01	  3.31687e-03
  2.16100e+01	  3.27488e-03
  2.16200e+01	  2.21040e-03
  2.16300e+01	  2.62367e-04
  2.16400e+01	 -1.56788e-03
  2.16500e+01	 -2.92784e-03
  2.16600e+01	 -3.95258e-03
  2.16700e+01	 -4.82983e-03
  2.16800e+01	 -5.53496e-03
  2.16900e+01	 -6.02012e-03
  2.17000e+01	 -5.91701e-03
  2.17100e+01	 -4.91748e-03
  2.17200e+01	 -3.49150e-03
  2.17300e+01	 -2.28326e-03
  2.17400e+01	 -1.39715e-03
  2.17500e+01	 -7.08328e-04
  2.17600e+01	 -1.30112e-04
  2.17700e+01	  3.02720e-04
  2.17800e+01	  5.69044e-04
  2.17900e+01	  6.40448e-04
  2.18000e+01	  5.66552e-04
  2.18100e+01	  2.17599e-04
  2.18200e+01	 -3.99384e-04
  2.18300e+01	 -1.03195e-03
  2.18400e+01	 -1.28630e-03
  2.18500e+01	 -1.19637e-03
  2.18600e+01	 -1.23227e-03
  2.18700e+01	 -1.50970e-03
  2.18800e+01	 -1.81882e-03
  2.18900e+01	 -2.04835e-03
  2.19000e+01	 -2.22713e-03
  2.19100e+01	 -2.38903e-03
  2.19200e+01	 -2.51638e-03
  2.19300e+01	 -2.61509e-03
  2.19400e+01	 -2.70448e-03
  2.19500e+01	 -2.79605e-03
  2.19600e+01	 -2.88443e-03
  2.19700e+01	 -2.96425e-03
  2.19800e+01	 -3.03094e-03
  2.19900e+01	 -3.08608e-03
  2.20000e+01	 -3.12782e-03
  2.20100e+01	 -3.15681e-03
  2.20200e+01	 -3.17037e-03
  2.20300e+01	 -3.16957e-03
  2.20400e+01	 -3.14983e-03
  2.20500e+01	 -3.11359e-03
  2.20600e+01	 -3.06534e-03
  2.20700e+01	 -3.01799e-03
  2.20800e+01	 -2.96611e-03
  2.20900e+01	 -2.89445e-03
  2.21000e+01	 -2.79829e-03
  2.21100e+01	 -2.68304e-03
  2.21200e+01	 -2.55344e-03
  2.21300e+01	 -2.41217e-03
  2.21400e+01	 -2.26036e-03
  2.21500e+01	 -2.09982e-03
  2.21600e+01	 -1.93316e-03
  2.21700e+01	 -1.76326e-03
  2.21800e+01	 -1.59110e-03
  2.21900e+01	 -1.41742e-03
  2.22000e+01	 -1.24276e-03
  2.22100e+01	 -1.06814e-03
  2.22200e+01	 -8.93889e-04
  2.22300e+01	 -7.20277e-04
  2.22400e+01	 -5.47798e-04
  2.22500e+01	 -3.77196e-04
  2.22600e+01	 -2.08968e-04
  2.22700e+01	 -4.34744e-05
  2.22800e+01	  1.19100e-04
  2.22900e+01	  2.78608e-04
  2.23000e+01	  4.34922e-04
